"eclipse/eclipse-collections","94a8f433bd920565f2fa1a57524f61576a898104","1490997600","1.12","1.8","1.8","org.eclipse.collections.impl.jmh.MinTest","serial_lazy_jdk","","","","","","","BOTH_UNSET","BOTH_UNSET","BOTH_UNSET","","","","","","","BOTH_UNSET","BOTH_UNSET","BOTH_UNSET","","","","","","","true","true","","false","false","","false","false","","false","false","","1","","0","0","0","false","false","false","false","false","","","0","0","0","int","false","cad96830dba51daf1cc3ad9d0671f219f3a76f70fefc046fd2e10e9b3705ced1","1"
"eclipse/eclipse-collections","94a8f433bd920565f2fa1a57524f61576a898104","1490997600","1.12","1.8","1.8","org.eclipse.collections.impl.jmh.MinTest","serial_lazy_streams_ec","","","","","","","BOTH_UNSET","BOTH_UNSET","BOTH_UNSET","","","","","","","BOTH_UNSET","BOTH_UNSET","BOTH_UNSET","","","","","","","true","true","","false","false","","false","false","","false","false","","1","","0","0","0","false","false","false","false","false","","","0","0","0","int","false","9fdb55dbd6e712a0f2723631b36e732e463f23dad011be02ae1fa8bfa156bf27","1"
"eclipse/eclipse-collections","94a8f433bd920565f2fa1a57524f61576a898104","1490997600","1.12","1.8","1.8","org.eclipse.collections.impl.jmh.MinTest","serial_lazy_reverse_jdk","","","","","","","BOTH_UNSET","BOTH_UNSET","BOTH_UNSET","","","","","","","BOTH_UNSET","BOTH_UNSET","BOTH_UNSET","","","","","","","true","true","","false","false","","false","false","","false","false","","1","","0","0","0","false","false","false","false","false","","","0","0","0","int","false","d153a3c4b5322214709355337c191b70e50ed71fef9525878c19e15a3f8294f2","1"
"eclipse/eclipse-collections","94a8f433bd920565f2fa1a57524f61576a898104","1490997600","1.12","1.8","1.8","org.eclipse.collections.impl.jmh.MinTest","serial_lazy_reverse_streams_ec","","","","","","","BOTH_UNSET","BOTH_UNSET","BOTH_UNSET","","","","","","","BOTH_UNSET","BOTH_UNSET","BOTH_UNSET","","","","","","","true","true","","false","false","","false","false","","false","false","","1","","0","0","0","false","false","false","false","false","","","0","0","0","int","false","e3bc855854e06d2a92cdf0be1ec70b557c334904873f74b67be71ef98c94867d","1"
"eclipse/eclipse-collections","94a8f433bd920565f2fa1a57524f61576a898104","1490997600","1.12","1.8","1.8","org.eclipse.collections.impl.jmh.MinTest","serial_lazy_intstream_jdk","","","","","","","BOTH_UNSET","BOTH_UNSET","BOTH_UNSET","","","","","","","BOTH_UNSET","BOTH_UNSET","BOTH_UNSET","","","","","","","true","true","","false","false","","false","false","","false","false","","1","","0","0","0","false","false","false","false","false","","","0","0","0","int","false","617827faddc2a6115d274bd340dbee3bf482bc17601d6657df5c5dbaea569eb7","1"
"eclipse/eclipse-collections","94a8f433bd920565f2fa1a57524f61576a898104","1490997600","1.12","1.8","1.8","org.eclipse.collections.impl.jmh.MinTest","serial_lazy_intstream_streams_ec","","","","","","","BOTH_UNSET","BOTH_UNSET","BOTH_UNSET","","","","","","","BOTH_UNSET","BOTH_UNSET","BOTH_UNSET","","","","","","","true","true","","false","false","","false","false","","false","false","","1","","0","0","0","false","false","false","false","false","","","0","0","0","int","false","99bfff46b29678a9d79af437a2f0bd4f32c6976e50e09ef4bdfaf281be61c9a1","1"
"eclipse/eclipse-collections","94a8f433bd920565f2fa1a57524f61576a898104","1490997600","1.12","1.8","1.8","org.eclipse.collections.impl.jmh.MinTest","parallel_lazy_jdk","","","","","","","BOTH_UNSET","BOTH_UNSET","BOTH_UNSET","","","","","","","BOTH_UNSET","BOTH_UNSET","BOTH_UNSET","","","","","","","true","true","","false","false","","false","false","","false","false","","1","","0","0","0","false","false","false","false","false","","","0","0","0","int","false","76cbae21018ad323b6be5ae2c343defdf2ea388637485f16512c2d3564b959b9","1"
"eclipse/eclipse-collections","94a8f433bd920565f2fa1a57524f61576a898104","1490997600","1.12","1.8","1.8","org.eclipse.collections.impl.jmh.MinTest","parallel_lazy_streams_ec","","","","","","","BOTH_UNSET","BOTH_UNSET","BOTH_UNSET","","","","","","","BOTH_UNSET","BOTH_UNSET","BOTH_UNSET","","","","","","","true","true","","false","false","","false","false","","false","false","","1","","0","0","0","false","false","false","false","false","","","0","0","0","int","false","a8967ebad343fdedc7cfc42db6fba630fdde2bfc1df169a062bf73737224767f","1"
"eclipse/eclipse-collections","94a8f433bd920565f2fa1a57524f61576a898104","1490997600","1.12","1.8","1.8","org.eclipse.collections.impl.jmh.MinTest","parallel_lazy_reverse_jdk","","","","","","","BOTH_UNSET","BOTH_UNSET","BOTH_UNSET","","","","","","","BOTH_UNSET","BOTH_UNSET","BOTH_UNSET","","","","","","","true","true","","false","false","","false","false","","false","false","","1","","0","0","0","false","false","false","false","false","","","0","0","0","int","false","678076bc4df2e2016e097229176bb0d38cf39aad009e86d5868764e73ce75af7","1"
"eclipse/eclipse-collections","94a8f433bd920565f2fa1a57524f61576a898104","1490997600","1.12","1.8","1.8","org.eclipse.collections.impl.jmh.MinTest","parallel_lazy_reverse_streams_ec","","","","","","","BOTH_UNSET","BOTH_UNSET","BOTH_UNSET","","","","","","","BOTH_UNSET","BOTH_UNSET","BOTH_UNSET","","","","","","","true","true","","false","false","","false","false","","false","false","","1","","0","0","0","false","false","false","false","false","","","0","0","0","int","false","e80c8c8015ff78d0bd042bfc7928502db2f64a73ad7e037ec7af75eb07275c66","1"
"eclipse/eclipse-collections","94a8f433bd920565f2fa1a57524f61576a898104","1490997600","1.12","1.8","1.8","org.eclipse.collections.impl.jmh.MinTest","parallel_lazy_intstream_jdk","","","","","","","BOTH_UNSET","BOTH_UNSET","BOTH_UNSET","","","","","","","BOTH_UNSET","BOTH_UNSET","BOTH_UNSET","","","","","","","true","true","","false","false","","false","false","","false","false","","1","","0","0","0","false","false","false","false","false","","","0","0","0","int","false","8d9eef0f7da1047622cca95f95bc9972ea6934fca1c16dc098931cf4f9cf7ba1","1"
"eclipse/eclipse-collections","94a8f433bd920565f2fa1a57524f61576a898104","1490997600","1.12","1.8","1.8","org.eclipse.collections.impl.jmh.MinTest","parallel_lazy_intstream_streams_ec","","","","","","","BOTH_UNSET","BOTH_UNSET","BOTH_UNSET","","","","","","","BOTH_UNSET","BOTH_UNSET","BOTH_UNSET","","","","","","","true","true","","false","false","","false","false","","false","false","","1","","0","0","0","false","false","false","false","false","","","0","0","0","int","false","95fc8a8a7a88edbf15f8b835712cd8b327c82e64923c52051cbcde3721fa1b2b","1"
"eclipse/eclipse-collections","94a8f433bd920565f2fa1a57524f61576a898104","1490997600","1.12","1.8","1.8","org.eclipse.collections.impl.jmh.MinTest","serial_eager_ec","","","","","","","BOTH_UNSET","BOTH_UNSET","BOTH_UNSET","","","","","","","BOTH_UNSET","BOTH_UNSET","BOTH_UNSET","","","","","","","true","true","","false","false","","false","false","","false","false","","1","","0","0","0","false","false","false","false","false","","","0","0","0","int","false","b40000a7a234e9ad881b32154e074a75229ba16af16fe54d66b8f9547622785c","1"
"eclipse/eclipse-collections","94a8f433bd920565f2fa1a57524f61576a898104","1490997600","1.12","1.8","1.8","org.eclipse.collections.impl.jmh.MinTest","serial_eager_reverse_ec","","","","","","","BOTH_UNSET","BOTH_UNSET","BOTH_UNSET","","","","","","","BOTH_UNSET","BOTH_UNSET","BOTH_UNSET","","","","","","","true","true","","false","false","","false","false","","false","false","","1","","0","0","0","false","false","false","false","false","","","0","0","0","int","false","4a6b56bede6c6712ed150d0b81cf796af6308e6a7167bd4470f23613eb7b13f6","1"
"eclipse/eclipse-collections","94a8f433bd920565f2fa1a57524f61576a898104","1490997600","1.12","1.8","1.8","org.eclipse.collections.impl.jmh.MinTest","serial_lazy_ec","","","","","","","BOTH_UNSET","BOTH_UNSET","BOTH_UNSET","","","","","","","BOTH_UNSET","BOTH_UNSET","BOTH_UNSET","","","","","","","true","true","","false","false","","false","false","","false","false","","1","","0","0","0","false","false","false","false","false","","","0","0","0","int","false","a78dd460d73acdc52f2dbcef897b82e6a0281344d3dabc6fcb2e35a86c86172d","1"
"eclipse/eclipse-collections","94a8f433bd920565f2fa1a57524f61576a898104","1490997600","1.12","1.8","1.8","org.eclipse.collections.impl.jmh.MinTest","serial_lazy_reverse_ec","","","","","","","BOTH_UNSET","BOTH_UNSET","BOTH_UNSET","","","","","","","BOTH_UNSET","BOTH_UNSET","BOTH_UNSET","","","","","","","true","true","","false","false","","false","false","","false","false","","1","","0","0","0","false","false","false","false","false","","","0","0","0","int","false","cb3f5b202d4e21a0b1396863f4c0a9edab661c946e2e15688238a911c4f77060","1"
"eclipse/eclipse-collections","94a8f433bd920565f2fa1a57524f61576a898104","1490997600","1.12","1.8","1.8","org.eclipse.collections.impl.jmh.MinTest","parallel_lazy_ec","","","","","","","BOTH_UNSET","BOTH_UNSET","BOTH_UNSET","","","","","","","BOTH_UNSET","BOTH_UNSET","BOTH_UNSET","","","","","","","true","true","","false","false","","false","false","","false","false","","1","","0","0","0","false","false","false","false","false","","","0","0","0","int","false","2dabee427a33eba080fbb8dc42ae6d48b151895d53bdb8e17eb11b86454e5b03","1"
"eclipse/eclipse-collections","94a8f433bd920565f2fa1a57524f61576a898104","1490997600","1.12","1.8","1.8","org.eclipse.collections.impl.jmh.MinTest","parallel_lazy_reverse_ec","","","","","","","BOTH_UNSET","BOTH_UNSET","BOTH_UNSET","","","","","","","BOTH_UNSET","BOTH_UNSET","BOTH_UNSET","","","","","","","true","true","","false","false","","false","false","","false","false","","1","","0","0","0","false","false","false","false","false","","","0","0","0","int","false","eb4fd52ba565347df6f2c3ad93e59bd1b27664ee7cb40c1106e99115e0531ee4","1"
"eclipse/eclipse-collections","94a8f433bd920565f2fa1a57524f61576a898104","1490997600","1.12","1.8","1.8","org.eclipse.collections.impl.jmh.SetAddAllTest","jdk","","","","","","","BOTH_UNSET","BOTH_UNSET","BOTH_UNSET","","","","","","","BOTH_UNSET","BOTH_UNSET","BOTH_UNSET","","","","","","","true","true","","false","false","","false","false","","false","false","","1","","0","0","0","false","false","false","false","false","","","0","0","0","","false","9fd96c36d5c6abf26499e6b29217aa7ca8b2eb12c17eab1553a24318c2d569aa","4"
"eclipse/eclipse-collections","94a8f433bd920565f2fa1a57524f61576a898104","1490997600","1.12","1.8","1.8","org.eclipse.collections.impl.jmh.SetAddAllTest","ec","","","","","","","BOTH_UNSET","BOTH_UNSET","BOTH_UNSET","","","","","","","BOTH_UNSET","BOTH_UNSET","BOTH_UNSET","","","","","","","true","true","","false","false","","false","false","","false","false","","1","","0","0","0","false","false","false","false","false","","","0","0","0","","false","f406c2d95404c8253858863c4a82bf29dff90c79c1bf4f385cc0f872b3e3cba8","4"
"eclipse/eclipse-collections","94a8f433bd920565f2fa1a57524f61576a898104","1490997600","1.12","1.8","1.8","org.eclipse.collections.impl.jmh.SumByBigDecimalTest","sumByBigDecimalProduct_serial_eager_ec","","","","","","","BOTH_UNSET","BOTH_UNSET","BOTH_UNSET","","","","","","","BOTH_UNSET","BOTH_UNSET","BOTH_UNSET","","","","","","","true","true","","false","false","","false","false","","false","false","","1","","0","0","0","false","false","false","false","false","","","0","0","0","org.eclipse.collections.api.map.MutableMap<org.eclipse.collections.impl.jmh.domain.Product,java.math.BigDecimal>","false","f55428f322018b7f3e68ef53f7c4668487e1a521e6b4700404601037d142895e","1"
"eclipse/eclipse-collections","94a8f433bd920565f2fa1a57524f61576a898104","1490997600","1.12","1.8","1.8","org.eclipse.collections.impl.jmh.SumByBigDecimalTest","sumByBigDecimalProduct_parallel_eager_ec","","","","","","","BOTH_UNSET","BOTH_UNSET","BOTH_UNSET","","","","","","","BOTH_UNSET","BOTH_UNSET","BOTH_UNSET","","","","","","","true","true","","false","false","","false","false","","false","false","","1","","0","0","0","false","false","false","false","false","","","0","0","0","org.eclipse.collections.api.map.MutableMap<org.eclipse.collections.impl.jmh.domain.Product,java.math.BigDecimal>","false","4b9a3b2d904126379216e37e4998c80b1c83e81c7cba684a9f913afa83dcb448","1"
"eclipse/eclipse-collections","94a8f433bd920565f2fa1a57524f61576a898104","1490997600","1.12","1.8","1.8","org.eclipse.collections.impl.jmh.SumByBigDecimalTest","sumByBigDecimalAccount_serial_eager_ec","","","","","","","BOTH_UNSET","BOTH_UNSET","BOTH_UNSET","","","","","","","BOTH_UNSET","BOTH_UNSET","BOTH_UNSET","","","","","","","true","true","","false","false","","false","false","","false","false","","1","","0","0","0","false","false","false","false","false","","","0","0","0","org.eclipse.collections.api.map.MutableMap<org.eclipse.collections.impl.jmh.domain.Account,java.math.BigDecimal>","false","cabb0bd6dee282ee569b6dbffe06173fde63da5286f04bb0c70b418e944a8c5f","1"
"eclipse/eclipse-collections","94a8f433bd920565f2fa1a57524f61576a898104","1490997600","1.12","1.8","1.8","org.eclipse.collections.impl.jmh.SumByBigDecimalTest","sumByBigDecimalAccount_parallel_eager_ec","","","","","","","BOTH_UNSET","BOTH_UNSET","BOTH_UNSET","","","","","","","BOTH_UNSET","BOTH_UNSET","BOTH_UNSET","","","","","","","true","true","","false","false","","false","false","","false","false","","1","","0","0","0","false","false","false","false","false","","","0","0","0","org.eclipse.collections.api.map.MutableMap<org.eclipse.collections.impl.jmh.domain.Account,java.math.BigDecimal>","false","c45d15c184900cff667bd44231c4d5ee6753ed76c01bedaf7a9f58bf0b974d6c","1"
"eclipse/eclipse-collections","94a8f433bd920565f2fa1a57524f61576a898104","1490997600","1.12","1.8","1.8","org.eclipse.collections.impl.jmh.SumByBigDecimalTest","sumByBigDecimalCategory_serial_eager_ec","","","","","","","BOTH_UNSET","BOTH_UNSET","BOTH_UNSET","","","","","","","BOTH_UNSET","BOTH_UNSET","BOTH_UNSET","","","","","","","true","true","","false","false","","false","false","","false","false","","1","","0","0","0","false","false","false","false","false","","","0","0","0","org.eclipse.collections.api.map.MutableMap<java.lang.String,java.math.BigDecimal>","false","3d698f8fcc0320eb5da0ef3799262da44f873d9f0d103d900f322fab4f20a2e4","1"
"eclipse/eclipse-collections","94a8f433bd920565f2fa1a57524f61576a898104","1490997600","1.12","1.8","1.8","org.eclipse.collections.impl.jmh.SumByBigDecimalTest","sumByBigDecimalCategory_parallel_eager_ec","","","","","","","BOTH_UNSET","BOTH_UNSET","BOTH_UNSET","","","","","","","BOTH_UNSET","BOTH_UNSET","BOTH_UNSET","","","","","","","true","true","","false","false","","false","false","","false","false","","1","","0","0","0","false","false","false","false","false","","","0","0","0","org.eclipse.collections.api.map.MutableMap<java.lang.String,java.math.BigDecimal>","false","7d77cbe181b4b9d228f6cffb3022dc12c8bba363fb8d194cf816d6209095d5c9","1"
"eclipse/eclipse-collections","94a8f433bd920565f2fa1a57524f61576a898104","1490997600","1.12","1.8","1.8","org.eclipse.collections.impl.jmh.MaxByIntTest","maxByQuantity_serial_lazy_direct_methodref_jdk","","","","","","","BOTH_UNSET","BOTH_UNSET","BOTH_UNSET","","","","","","","BOTH_UNSET","BOTH_UNSET","BOTH_UNSET","","","","","","","true","true","","false","false","","false","false","","false","false","","1","","0","0","0","false","false","false","false","false","","","0","0","0","org.eclipse.collections.impl.jmh.domain.Position","false","9587bc908926499c50d6dc818c9d1cb2d86bc997ed461e2397d24cbe2737a53c","1"
"eclipse/eclipse-collections","94a8f433bd920565f2fa1a57524f61576a898104","1490997600","1.12","1.8","1.8","org.eclipse.collections.impl.jmh.MaxByIntTest","maxByQuantity_serial_lazy_direct_lambda_jdk","","","","","","","BOTH_UNSET","BOTH_UNSET","BOTH_UNSET","","","","","","","BOTH_UNSET","BOTH_UNSET","BOTH_UNSET","","","","","","","true","true","","false","false","","false","false","","false","false","","1","","0","0","0","false","false","false","false","false","","","0","0","0","org.eclipse.collections.impl.jmh.domain.Position","false","06093824d3bbd5bf89716cf4682a2f94cf9effe38033e76503d3a1d5dad0f10f","1"
"eclipse/eclipse-collections","94a8f433bd920565f2fa1a57524f61576a898104","1490997600","1.12","1.8","1.8","org.eclipse.collections.impl.jmh.MaxByIntTest","maxByQuantity_serial_lazy_collect_methodref_jdk","","","","","","","BOTH_UNSET","BOTH_UNSET","BOTH_UNSET","","","","","","","BOTH_UNSET","BOTH_UNSET","BOTH_UNSET","","","","","","","true","true","","false","false","","false","false","","false","false","","1","","0","0","0","false","false","false","false","false","","","0","0","0","org.eclipse.collections.impl.jmh.domain.Position","false","52f0689c2a7de75355c630a7956f25bbc31a46ffca16e3ef21e0368db4e966e2","1"
"eclipse/eclipse-collections","94a8f433bd920565f2fa1a57524f61576a898104","1490997600","1.12","1.8","1.8","org.eclipse.collections.impl.jmh.MaxByIntTest","maxByQuantity_serial_lazy_collect_lambda_jdk","","","","","","","BOTH_UNSET","BOTH_UNSET","BOTH_UNSET","","","","","","","BOTH_UNSET","BOTH_UNSET","BOTH_UNSET","","","","","","","true","true","","false","false","","false","false","","false","false","","1","","0","0","0","false","false","false","false","false","","","0","0","0","org.eclipse.collections.impl.jmh.domain.Position","false","e458c3fc45c39f02530fe9558afa35843dd8e627d921936150c50a18ac590032","1"
"eclipse/eclipse-collections","94a8f433bd920565f2fa1a57524f61576a898104","1490997600","1.12","1.8","1.8","org.eclipse.collections.impl.jmh.MaxByIntTest","maxByQuantity_parallel_lazy_direct_methodref_jdk","","","","","","","BOTH_UNSET","BOTH_UNSET","BOTH_UNSET","","","","","","","BOTH_UNSET","BOTH_UNSET","BOTH_UNSET","","","","","","","true","true","","false","false","","false","false","","false","false","","1","","0","0","0","false","false","false","false","false","","","0","0","0","org.eclipse.collections.impl.jmh.domain.Position","false","38a5188aa3d59856be23d2c5a6de33a3739f636352cacb65a16de23ff550d9ac","1"
"eclipse/eclipse-collections","94a8f433bd920565f2fa1a57524f61576a898104","1490997600","1.12","1.8","1.8","org.eclipse.collections.impl.jmh.MaxByIntTest","maxByQuantity_parallel_lazy_direct_lambda_jdk","","","","","","","BOTH_UNSET","BOTH_UNSET","BOTH_UNSET","","","","","","","BOTH_UNSET","BOTH_UNSET","BOTH_UNSET","","","","","","","true","true","","false","false","","false","false","","false","false","","1","","0","0","0","false","false","false","false","false","","","0","0","0","org.eclipse.collections.impl.jmh.domain.Position","false","cdaa8ffcf9bd31787bdd7b7ee1d2ea9967e06be68e9d6f0ee15201493d94521e","1"
"eclipse/eclipse-collections","94a8f433bd920565f2fa1a57524f61576a898104","1490997600","1.12","1.8","1.8","org.eclipse.collections.impl.jmh.MaxByIntTest","maxByQuantity_parallel_lazy_collect_methodref_jdk","","","","","","","BOTH_UNSET","BOTH_UNSET","BOTH_UNSET","","","","","","","BOTH_UNSET","BOTH_UNSET","BOTH_UNSET","","","","","","","true","true","","false","false","","false","false","","false","false","","1","","0","0","0","false","false","false","false","false","","","0","0","0","org.eclipse.collections.impl.jmh.domain.Position","false","cd5986679461e5875d36f179d6c2b0f765c42093a9f41a766c63b450b07d98d3","1"
"eclipse/eclipse-collections","94a8f433bd920565f2fa1a57524f61576a898104","1490997600","1.12","1.8","1.8","org.eclipse.collections.impl.jmh.MaxByIntTest","maxByQuantity_parallel_lazy_collect_lambda_jdk","","","","","","","BOTH_UNSET","BOTH_UNSET","BOTH_UNSET","","","","","","","BOTH_UNSET","BOTH_UNSET","BOTH_UNSET","","","","","","","true","true","","false","false","","false","false","","false","false","","1","","0","0","0","false","false","false","false","false","","","0","0","0","org.eclipse.collections.impl.jmh.domain.Position","false","414059f79b6fa32fc94bbd563be7029761ccf0e48a0751ebaa42b3ef4ea5e064","1"
"eclipse/eclipse-collections","94a8f433bd920565f2fa1a57524f61576a898104","1490997600","1.12","1.8","1.8","org.eclipse.collections.impl.jmh.MaxByIntTest","maxByQuantity_serial_eager_ec","","","","","","","BOTH_UNSET","BOTH_UNSET","BOTH_UNSET","","","","","","","BOTH_UNSET","BOTH_UNSET","BOTH_UNSET","","","","","","","true","true","","false","false","","false","false","","false","false","","1","","0","0","0","false","false","false","false","false","","","0","0","0","org.eclipse.collections.impl.jmh.domain.Position","false","798976db4e770993cc99f51b6074d47c543a94a825c4761d9c8903e1d6be948c","1"
"eclipse/eclipse-collections","94a8f433bd920565f2fa1a57524f61576a898104","1490997600","1.12","1.8","1.8","org.eclipse.collections.impl.jmh.MaxByIntTest","maxByQuantity_serial_lazy_ec","","","","","","","BOTH_UNSET","BOTH_UNSET","BOTH_UNSET","","","","","","","BOTH_UNSET","BOTH_UNSET","BOTH_UNSET","","","","","","","true","true","","false","false","","false","false","","false","false","","1","","0","0","0","false","false","false","false","false","","","0","0","0","org.eclipse.collections.impl.jmh.domain.Position","false","b18461d656d83034adf88d68d5ca1bd8cd86d2bb729c6232c484f0cfe6d89811","1"
"eclipse/eclipse-collections","94a8f433bd920565f2fa1a57524f61576a898104","1490997600","1.12","1.8","1.8","org.eclipse.collections.impl.jmh.MaxByIntTest","maxByQuantity_parallel_lazy_ec","","","","","","","BOTH_UNSET","BOTH_UNSET","BOTH_UNSET","","","","","","","BOTH_UNSET","BOTH_UNSET","BOTH_UNSET","","","","","","","true","true","","false","false","","false","false","","false","false","","1","","0","0","0","false","false","false","false","false","","","0","0","0","org.eclipse.collections.impl.jmh.domain.Position","false","ee37e9af1e56b370b238adfbaee3f997da5b55c502d57ed2b49a89b0acb28740","1"
"eclipse/eclipse-collections","94a8f433bd920565f2fa1a57524f61576a898104","1490997600","1.12","1.8","1.8","org.eclipse.collections.impl.jmh.ListEqualTest","jdk","","","","","","","BOTH_UNSET","BOTH_UNSET","BOTH_UNSET","","","","","","","BOTH_UNSET","BOTH_UNSET","BOTH_UNSET","","","","","","","true","true","","false","false","","false","false","","false","false","","1","","0","0","0","false","false","false","false","false","","","0","0","0","","false","5a440a3e74e933e8d3d52d9ed6beb2d0ded5937e137b188e288cb4453caf7807","15"
"eclipse/eclipse-collections","94a8f433bd920565f2fa1a57524f61576a898104","1490997600","1.12","1.8","1.8","org.eclipse.collections.impl.jmh.ListEqualTest","ec","","","","","","","BOTH_UNSET","BOTH_UNSET","BOTH_UNSET","","","","","","","BOTH_UNSET","BOTH_UNSET","BOTH_UNSET","","","","","","","true","true","","false","false","","false","false","","false","false","","1","","0","0","0","false","false","false","false","false","","","0","0","0","","false","caf6861f09d98f41a9c1d231632f4c919b0a28cc093c5ca92261145292f351a3","15"
"eclipse/eclipse-collections","94a8f433bd920565f2fa1a57524f61576a898104","1490997600","1.12","1.8","1.8","org.eclipse.collections.impl.jmh.set.sorted.SortedSetContainsTest","contains_mutable_ec","","","","","","","BOTH_UNSET","BOTH_UNSET","BOTH_UNSET","","","","","","","BOTH_UNSET","BOTH_UNSET","BOTH_UNSET","","","","","","","true","true","","false","false","","false","false","","false","false","","1","","0","0","0","false","false","false","false","false","","","0","0","0","","false","a8bf01ba893de42ccf18dc4f49207d7d01594d7b33cc8cfe27e671dd77a096a7","12"
"eclipse/eclipse-collections","94a8f433bd920565f2fa1a57524f61576a898104","1490997600","1.12","1.8","1.8","org.eclipse.collections.impl.jmh.set.sorted.SortedSetContainsTest","contains_immutable_ec","","","","","","","BOTH_UNSET","BOTH_UNSET","BOTH_UNSET","","","","","","","BOTH_UNSET","BOTH_UNSET","BOTH_UNSET","","","","","","","true","true","","false","false","","false","false","","false","false","","1","","0","0","0","false","false","false","false","false","","","0","0","0","","false","d264500dfeb9e2517bea4c77d27abcef78274e641eccaac4521e76e99f004e0d","12"
"eclipse/eclipse-collections","94a8f433bd920565f2fa1a57524f61576a898104","1490997600","1.12","1.8","1.8","org.eclipse.collections.impl.jmh.set.sorted.SortedSetContainsTest","contains_mutable_scala","","","","","","","BOTH_UNSET","BOTH_UNSET","BOTH_UNSET","","","","","","","BOTH_UNSET","BOTH_UNSET","BOTH_UNSET","","","","","","","true","true","","false","false","","false","false","","false","false","","1","","0","0","0","false","false","false","false","false","","","0","0","0","","false","2b181921a6b93f9eec3b8f51951a6b68088a1733768dae5a695369ad50025f64","1"
"eclipse/eclipse-collections","94a8f433bd920565f2fa1a57524f61576a898104","1490997600","1.12","1.8","1.8","org.eclipse.collections.impl.jmh.set.sorted.SortedSetContainsTest","contains_immutable_scala","","","","","","","BOTH_UNSET","BOTH_UNSET","BOTH_UNSET","","","","","","","BOTH_UNSET","BOTH_UNSET","BOTH_UNSET","","","","","","","true","true","","false","false","","false","false","","false","false","","1","","0","0","0","false","false","false","false","false","","","0","0","0","","false","1badea0f7a7432d9b07533bb7d63be5996ba6b0a44b960a36735ba96cce2751f","1"
"eclipse/eclipse-collections","94a8f433bd920565f2fa1a57524f61576a898104","1490997600","1.12","1.8","1.8","org.eclipse.collections.impl.jmh.set.sorted.SortedSetIterationTest","serial_mutable_ec","","","","","","","BOTH_UNSET","BOTH_UNSET","BOTH_UNSET","","","","","","","BOTH_UNSET","BOTH_UNSET","BOTH_UNSET","","","","","","","true","true","","false","false","","false","false","","false","false","","1","","0","0","0","false","false","false","false","false","","","0","0","0","","false","e3b0c44298fc1c149afbf4c8996fb92427ae41e4649b934ca495991b7852b855","1"
"eclipse/eclipse-collections","94a8f433bd920565f2fa1a57524f61576a898104","1490997600","1.12","1.8","1.8","org.eclipse.collections.impl.jmh.set.sorted.SortedSetIterationTest","serial_immutable_ec","","","","","","","BOTH_UNSET","BOTH_UNSET","BOTH_UNSET","","","","","","","BOTH_UNSET","BOTH_UNSET","BOTH_UNSET","","","","","","","true","true","","false","false","","false","false","","false","false","","1","","0","0","0","false","false","false","false","false","","","0","0","0","","false","e3b0c44298fc1c149afbf4c8996fb92427ae41e4649b934ca495991b7852b855","1"
"eclipse/eclipse-collections","94a8f433bd920565f2fa1a57524f61576a898104","1490997600","1.12","1.8","1.8","org.eclipse.collections.impl.jmh.set.sorted.SortedSetIterationTest","parallel_mutable_ec","","","","","","","BOTH_UNSET","BOTH_UNSET","BOTH_UNSET","","","","","","","BOTH_UNSET","BOTH_UNSET","BOTH_UNSET","","","","","","","true","true","","false","false","","false","false","","false","false","","1","","0","0","0","false","false","false","false","false","","","0","0","0","","false","e3b0c44298fc1c149afbf4c8996fb92427ae41e4649b934ca495991b7852b855","1"
"eclipse/eclipse-collections","94a8f433bd920565f2fa1a57524f61576a898104","1490997600","1.12","1.8","1.8","org.eclipse.collections.impl.jmh.set.sorted.SortedSetIterationTest","parallel_immutable_ec","","","","","","","BOTH_UNSET","BOTH_UNSET","BOTH_UNSET","","","","","","","BOTH_UNSET","BOTH_UNSET","BOTH_UNSET","","","","","","","true","true","","false","false","","false","false","","false","false","","1","","0","0","0","false","false","false","false","false","","","0","0","0","","false","e3b0c44298fc1c149afbf4c8996fb92427ae41e4649b934ca495991b7852b855","1"
"eclipse/eclipse-collections","94a8f433bd920565f2fa1a57524f61576a898104","1490997600","1.12","1.8","1.8","org.eclipse.collections.impl.jmh.set.sorted.SortedSetIterationTest","serial_mutable_scala","","","","","","","BOTH_UNSET","BOTH_UNSET","BOTH_UNSET","","","","","","","BOTH_UNSET","BOTH_UNSET","BOTH_UNSET","","","","","","","true","true","","false","false","","false","false","","false","false","","1","","0","0","0","false","false","false","false","false","","","0","0","0","","false","e04250fbd8186ecda9e354dc26353168263b002d0a6f3e04f4a07b3b0f586c4c","1"
"eclipse/eclipse-collections","94a8f433bd920565f2fa1a57524f61576a898104","1490997600","1.12","1.8","1.8","org.eclipse.collections.impl.jmh.set.sorted.SortedSetIterationTest","serial_immutable_scala","","","","","","","BOTH_UNSET","BOTH_UNSET","BOTH_UNSET","","","","","","","BOTH_UNSET","BOTH_UNSET","BOTH_UNSET","","","","","","","true","true","","false","false","","false","false","","false","false","","1","","0","0","0","false","false","false","false","false","","","0","0","0","","false","e2a977246bdf447bafeac1fc510b59d570eabeaa7178b2039e7332d3f20da208","1"
"eclipse/eclipse-collections","94a8f433bd920565f2fa1a57524f61576a898104","1490997600","1.12","1.8","1.8","org.eclipse.collections.impl.jmh.set.sorted.SortedSetIterationTest","parallel_mutable_scala","","","","","","","BOTH_UNSET","BOTH_UNSET","BOTH_UNSET","","","","","","","BOTH_UNSET","BOTH_UNSET","BOTH_UNSET","","","","","","","true","true","","false","false","","false","false","","false","false","","1","","0","0","0","false","false","false","false","false","","","0","0","0","","false","ccbca0596f80a74909ecf2c9fb0c3039bfd7779e149188dbb1f408bf1a427b54","1"
"eclipse/eclipse-collections","94a8f433bd920565f2fa1a57524f61576a898104","1490997600","1.12","1.8","1.8","org.eclipse.collections.impl.jmh.set.sorted.SortedSetIterationTest","parallel_immutable_scala","","","","","","","BOTH_UNSET","BOTH_UNSET","BOTH_UNSET","","","","","","","BOTH_UNSET","BOTH_UNSET","BOTH_UNSET","","","","","","","true","true","","false","false","","false","false","","false","false","","1","","0","0","0","false","false","false","false","false","","","0","0","0","","false","6ac81edd7a94c62d110c0f1ac67bc68bf627b65bb9832b17589ecea1aaeba838","1"
"eclipse/eclipse-collections","94a8f433bd920565f2fa1a57524f61576a898104","1490997600","1.12","1.8","1.8","org.eclipse.collections.impl.jmh.IntIntMapLargeStressTest","jdkGet","","","","","","","BOTH_UNSET","BOTH_UNSET","BOTH_UNSET","","","","","","","BOTH_UNSET","BOTH_UNSET","BOTH_UNSET","","","","","","","true","true","","false","false","","false","false","","false","false","","2","","0","0","0","false","false","false","false","false","fullyRandom=org.eclipse.collections.impl.jmh.IntIntMapLargeStressTest","fullyRandom=true&fullyRandom=false","1","1","0","","false","4be0a0f8a2b895b1b2077dca7eb89bc32ad0b02415e017d4bbbbbdbffa78b0d4","10"
"eclipse/eclipse-collections","94a8f433bd920565f2fa1a57524f61576a898104","1490997600","1.12","1.8","1.8","org.eclipse.collections.impl.jmh.IntIntMapLargeStressTest","kolobokeGet","","","","","","","BOTH_UNSET","BOTH_UNSET","BOTH_UNSET","","","","","","","BOTH_UNSET","BOTH_UNSET","BOTH_UNSET","","","","","","","true","true","","false","false","","false","false","","false","false","","2","","0","0","0","false","false","false","false","false","fullyRandom=org.eclipse.collections.impl.jmh.IntIntMapLargeStressTest","fullyRandom=true&fullyRandom=false","1","1","0","","false","e03c914aa74faff8fb1054fe1181989430fb6c0fb8a3a733bcde04e24fa06d46","10"
"eclipse/eclipse-collections","94a8f433bd920565f2fa1a57524f61576a898104","1490997600","1.12","1.8","1.8","org.eclipse.collections.impl.jmh.IntIntMapLargeStressTest","ecGet","","","","","","","BOTH_UNSET","BOTH_UNSET","BOTH_UNSET","","","","","","","BOTH_UNSET","BOTH_UNSET","BOTH_UNSET","","","","","","","true","true","","false","false","","false","false","","false","false","","2","","0","0","0","false","false","false","false","false","fullyRandom=org.eclipse.collections.impl.jmh.IntIntMapLargeStressTest","fullyRandom=true&fullyRandom=false","1","1","0","","false","36fe1bfcee5e09ee739225433f2cccfac8a9b4c306c9436dc3cf822245b691d0","10"
"eclipse/eclipse-collections","94a8f433bd920565f2fa1a57524f61576a898104","1490997600","1.12","1.8","1.8","org.eclipse.collections.impl.jmh.IntIntMapLargeStressTest","jdkPut","","","","","","","BOTH_UNSET","BOTH_UNSET","BOTH_UNSET","","","","","","","BOTH_UNSET","BOTH_UNSET","BOTH_UNSET","","","","","","","true","true","","false","false","","false","false","","false","false","","2","","0","0","0","false","false","false","false","false","fullyRandom=org.eclipse.collections.impl.jmh.IntIntMapLargeStressTest","fullyRandom=true&fullyRandom=false","1","1","0","","false","1791f6434f359a4bc2aa8209d973605b38b3f0175f5656c23dbe72e8948b2b4f","9"
"eclipse/eclipse-collections","94a8f433bd920565f2fa1a57524f61576a898104","1490997600","1.12","1.8","1.8","org.eclipse.collections.impl.jmh.IntIntMapLargeStressTest","kolobokePut","","","","","","","BOTH_UNSET","BOTH_UNSET","BOTH_UNSET","","","","","","","BOTH_UNSET","BOTH_UNSET","BOTH_UNSET","","","","","","","true","true","","false","false","","false","false","","false","false","","2","","0","0","0","false","false","false","false","false","fullyRandom=org.eclipse.collections.impl.jmh.IntIntMapLargeStressTest","fullyRandom=true&fullyRandom=false","1","1","0","","false","892b3fd82c8dc4890ef4e080f2e74b7045f21a2df26f5bf813360dd45c568d1a","9"
"eclipse/eclipse-collections","94a8f433bd920565f2fa1a57524f61576a898104","1490997600","1.12","1.8","1.8","org.eclipse.collections.impl.jmh.IntIntMapLargeStressTest","ecPut","","","","","","","BOTH_UNSET","BOTH_UNSET","BOTH_UNSET","","","","","","","BOTH_UNSET","BOTH_UNSET","BOTH_UNSET","","","","","","","true","true","","false","false","","false","false","","false","false","","2","","0","0","0","false","false","false","false","false","fullyRandom=org.eclipse.collections.impl.jmh.IntIntMapLargeStressTest","fullyRandom=true&fullyRandom=false","1","1","0","","false","b13a8dc61fc94604a2d0c7efc9eaafb8758e2c70b60663c2af7c273b6689dc74","9"
"eclipse/eclipse-collections","94a8f433bd920565f2fa1a57524f61576a898104","1490997600","1.12","1.8","1.8","org.eclipse.collections.impl.jmh.IntIntMapLargeStressTest","ecRemove","","","","","","","BOTH_UNSET","BOTH_UNSET","BOTH_UNSET","","","","","","","BOTH_UNSET","BOTH_UNSET","BOTH_UNSET","","","","","","","true","true","","false","false","","false","false","","false","false","","2","","0","0","0","false","false","false","false","false","fullyRandom=org.eclipse.collections.impl.jmh.IntIntMapLargeStressTest","fullyRandom=true&fullyRandom=false","1","1","0","","false","70dfbb436bde2751771aa7b50288ebd656ca98baf488803400edcdfe4b9cb992","9"
"eclipse/eclipse-collections","94a8f433bd920565f2fa1a57524f61576a898104","1490997600","1.12","1.8","1.8","org.eclipse.collections.impl.jmh.IntIntMapLargeStressTest","jdkRemove","","","","","","","BOTH_UNSET","BOTH_UNSET","BOTH_UNSET","","","","","","","BOTH_UNSET","BOTH_UNSET","BOTH_UNSET","","","","","","","true","true","","false","false","","false","false","","false","false","","2","","0","0","0","false","false","false","false","false","fullyRandom=org.eclipse.collections.impl.jmh.IntIntMapLargeStressTest","fullyRandom=true&fullyRandom=false","1","1","0","","false","d0e25736f915f04a0c2e690fc93212bd2e06e00048a7701ae27437852ecce652","9"
"eclipse/eclipse-collections","94a8f433bd920565f2fa1a57524f61576a898104","1490997600","1.12","1.8","1.8","org.eclipse.collections.impl.jmh.IntIntMapLargeStressTest","kolobokeRemove","","","","","","","BOTH_UNSET","BOTH_UNSET","BOTH_UNSET","","","","","","","BOTH_UNSET","BOTH_UNSET","BOTH_UNSET","","","","","","","true","true","","false","false","","false","false","","false","false","","2","","0","0","0","false","false","false","false","false","fullyRandom=org.eclipse.collections.impl.jmh.IntIntMapLargeStressTest","fullyRandom=true&fullyRandom=false","1","1","0","","false","b02db55c463ee4a380e0dea20926ddf6da683145149de4bc23a185b4ec6ed330","9"
"eclipse/eclipse-collections","94a8f433bd920565f2fa1a57524f61576a898104","1490997600","1.12","1.8","1.8","org.eclipse.collections.impl.jmh.AnySatisfyTest","short_circuit_middle_serial_lazy_jdk","","","","","","","BOTH_UNSET","BOTH_UNSET","BOTH_UNSET","","","","","","","BOTH_UNSET","BOTH_UNSET","BOTH_UNSET","","","","","","","true","true","","false","false","","false","false","","false","false","","1","","0","0","0","false","false","false","false","false","","","0","0","0","","false","2824afb07aac6855903e5f88e7267af5dc9e781d9f89734dd0cb5483c8f282aa","1"
"eclipse/eclipse-collections","94a8f433bd920565f2fa1a57524f61576a898104","1490997600","1.12","1.8","1.8","org.eclipse.collections.impl.jmh.AnySatisfyTest","short_circuit_middle_serial_lazy_streams_ec","","","","","","","BOTH_UNSET","BOTH_UNSET","BOTH_UNSET","","","","","","","BOTH_UNSET","BOTH_UNSET","BOTH_UNSET","","","","","","","true","true","","false","false","","false","false","","false","false","","1","","0","0","0","false","false","false","false","false","","","0","0","0","","false","f07e66e90043fa7475fa2775c29059e285761c00879bfaf00e5b750cc316e950","1"
"eclipse/eclipse-collections","94a8f433bd920565f2fa1a57524f61576a898104","1490997600","1.12","1.8","1.8","org.eclipse.collections.impl.jmh.AnySatisfyTest","process_all_serial_lazy_jdk","","","","","","","BOTH_UNSET","BOTH_UNSET","BOTH_UNSET","","","","","","","BOTH_UNSET","BOTH_UNSET","BOTH_UNSET","","","","","","","true","true","","false","false","","false","false","","false","false","","1","","0","0","0","false","false","false","false","false","","","0","0","0","","false","289e224047c2c536d739c549a99e6ed6cc77ec882e6adab0ea81b11aaf613bf6","1"
"eclipse/eclipse-collections","94a8f433bd920565f2fa1a57524f61576a898104","1490997600","1.12","1.8","1.8","org.eclipse.collections.impl.jmh.AnySatisfyTest","process_all_serial_lazy_streams_ec","","","","","","","BOTH_UNSET","BOTH_UNSET","BOTH_UNSET","","","","","","","BOTH_UNSET","BOTH_UNSET","BOTH_UNSET","","","","","","","true","true","","false","false","","false","false","","false","false","","1","","0","0","0","false","false","false","false","false","","","0","0","0","","false","ed877284269fe301234e1ed7b9322b6e229459d68aa2a079e61d7b77d8e2c385","1"
"eclipse/eclipse-collections","94a8f433bd920565f2fa1a57524f61576a898104","1490997600","1.12","1.8","1.8","org.eclipse.collections.impl.jmh.AnySatisfyTest","short_circuit_middle_serial_eager_ec","","","","","","","BOTH_UNSET","BOTH_UNSET","BOTH_UNSET","","","","","","","BOTH_UNSET","BOTH_UNSET","BOTH_UNSET","","","","","","","true","true","","false","false","","false","false","","false","false","","1","","0","0","0","false","false","false","false","false","","","0","0","0","","false","bbb5dbf84623c00b423ea939fc154c03c8107787c805e3360b40e1c44f0a4eec","1"
"eclipse/eclipse-collections","94a8f433bd920565f2fa1a57524f61576a898104","1490997600","1.12","1.8","1.8","org.eclipse.collections.impl.jmh.AnySatisfyTest","process_all_serial_eager_ec","","","","","","","BOTH_UNSET","BOTH_UNSET","BOTH_UNSET","","","","","","","BOTH_UNSET","BOTH_UNSET","BOTH_UNSET","","","","","","","true","true","","false","false","","false","false","","false","false","","1","","0","0","0","false","false","false","false","false","","","0","0","0","","false","3d268769539e6887653a448e6a08a3eecd4a8195898e0e1c63c01dce4e3e2874","1"
"eclipse/eclipse-collections","94a8f433bd920565f2fa1a57524f61576a898104","1490997600","1.12","1.8","1.8","org.eclipse.collections.impl.jmh.AnySatisfyTest","short_circuit_middle_serial_lazy_ec","","","","","","","BOTH_UNSET","BOTH_UNSET","BOTH_UNSET","","","","","","","BOTH_UNSET","BOTH_UNSET","BOTH_UNSET","","","","","","","true","true","","false","false","","false","false","","false","false","","1","","0","0","0","false","false","false","false","false","","","0","0","0","","false","5bb1b98ac56c5161d49c58f3959b6d3a5a883b3a8bf8e243a523e07db8efb964","1"
"eclipse/eclipse-collections","94a8f433bd920565f2fa1a57524f61576a898104","1490997600","1.12","1.8","1.8","org.eclipse.collections.impl.jmh.AnySatisfyTest","process_all_serial_lazy_ec","","","","","","","BOTH_UNSET","BOTH_UNSET","BOTH_UNSET","","","","","","","BOTH_UNSET","BOTH_UNSET","BOTH_UNSET","","","","","","","true","true","","false","false","","false","false","","false","false","","1","","0","0","0","false","false","false","false","false","","","0","0","0","","false","ec34c6ea8555ba584639b19477048d2bdfe55529e87aa3c26857b4c7612c0ee0","1"
"eclipse/eclipse-collections","94a8f433bd920565f2fa1a57524f61576a898104","1490997600","1.12","1.8","1.8","org.eclipse.collections.impl.jmh.AnySatisfyTest","short_circuit_middle_serial_eager_scala","","","","","","","BOTH_UNSET","BOTH_UNSET","BOTH_UNSET","","","","","","","BOTH_UNSET","BOTH_UNSET","BOTH_UNSET","","","","","","","true","true","","false","false","","false","false","","false","false","","1","","0","0","0","false","false","false","false","false","","","0","0","0","","false","18694e4846cfb0517cd9e306ae5da9e9d8be1462ca25c2b0cb8529c03f9e748b","1"
"eclipse/eclipse-collections","94a8f433bd920565f2fa1a57524f61576a898104","1490997600","1.12","1.8","1.8","org.eclipse.collections.impl.jmh.AnySatisfyTest","process_all_serial_eager_scala","","","","","","","BOTH_UNSET","BOTH_UNSET","BOTH_UNSET","","","","","","","BOTH_UNSET","BOTH_UNSET","BOTH_UNSET","","","","","","","true","true","","false","false","","false","false","","false","false","","1","","0","0","0","false","false","false","false","false","","","0","0","0","","false","718810d9ce280c9ba2a5aaeba8b7ad16d0998e03d76702b7c031f9dcdf4a9061","1"
"eclipse/eclipse-collections","94a8f433bd920565f2fa1a57524f61576a898104","1490997600","1.12","1.8","1.8","org.eclipse.collections.impl.jmh.AnySatisfyTest","short_circuit_middle_serial_lazy_scala","","","","","","","BOTH_UNSET","BOTH_UNSET","BOTH_UNSET","","","","","","","BOTH_UNSET","BOTH_UNSET","BOTH_UNSET","","","","","","","true","true","","false","false","","false","false","","false","false","","1","","0","0","0","false","false","false","false","false","","","0","0","0","","false","6d9e7ea613e479f08ba3ab6090368f9dc7a1eaa1f8bb4eee839ae66ad8e357f4","1"
"eclipse/eclipse-collections","94a8f433bd920565f2fa1a57524f61576a898104","1490997600","1.12","1.8","1.8","org.eclipse.collections.impl.jmh.AnySatisfyTest","process_all_serial_lazy_scala","","","","","","","BOTH_UNSET","BOTH_UNSET","BOTH_UNSET","","","","","","","BOTH_UNSET","BOTH_UNSET","BOTH_UNSET","","","","","","","true","true","","false","false","","false","false","","false","false","","1","","0","0","0","false","false","false","false","false","","","0","0","0","","false","65ad07908b56b4ad18a44a1d0d85e823001be78f4db1bf7ada4c9a31f9fa0370","1"
"eclipse/eclipse-collections","94a8f433bd920565f2fa1a57524f61576a898104","1490997600","1.12","1.8","1.8","org.eclipse.collections.impl.jmh.AnySatisfyTest","short_circuit_middle_parallel_lazy_jdk","","","","","","","BOTH_UNSET","BOTH_UNSET","BOTH_UNSET","","","","","","","BOTH_UNSET","BOTH_UNSET","BOTH_UNSET","","","","","","","true","true","","false","false","","false","false","","false","false","","1","","0","0","0","false","false","false","false","false","","","0","0","0","","false","39556c70c69a227f8a4917a13d47de8b906789ec41e838965cffc22b2fb73e1f","1"
"eclipse/eclipse-collections","94a8f433bd920565f2fa1a57524f61576a898104","1490997600","1.12","1.8","1.8","org.eclipse.collections.impl.jmh.AnySatisfyTest","short_circuit_middle_parallel_lazy_streams_ec","","","","","","","BOTH_UNSET","BOTH_UNSET","BOTH_UNSET","","","","","","","BOTH_UNSET","BOTH_UNSET","BOTH_UNSET","","","","","","","true","true","","false","false","","false","false","","false","false","","1","","0","0","0","false","false","false","false","false","","","0","0","0","","false","e2b304ddc31c52860272a21ac775cfc7e4f582a0221b674227971e718141aaec","1"
"eclipse/eclipse-collections","94a8f433bd920565f2fa1a57524f61576a898104","1490997600","1.12","1.8","1.8","org.eclipse.collections.impl.jmh.AnySatisfyTest","process_all_parallel_lazy_jdk","","","","","","","BOTH_UNSET","BOTH_UNSET","BOTH_UNSET","","","","","","","BOTH_UNSET","BOTH_UNSET","BOTH_UNSET","","","","","","","true","true","","false","false","","false","false","","false","false","","1","","0","0","0","false","false","false","false","false","","","0","0","0","","false","6e63b82babb71fc0b59000dbeccfc04c50ae291ab7ff63ca76ef5f6aea932ce9","1"
"eclipse/eclipse-collections","94a8f433bd920565f2fa1a57524f61576a898104","1490997600","1.12","1.8","1.8","org.eclipse.collections.impl.jmh.AnySatisfyTest","process_all_parallel_lazy_streams_ec","","","","","","","BOTH_UNSET","BOTH_UNSET","BOTH_UNSET","","","","","","","BOTH_UNSET","BOTH_UNSET","BOTH_UNSET","","","","","","","true","true","","false","false","","false","false","","false","false","","1","","0","0","0","false","false","false","false","false","","","0","0","0","","false","9ea383ff6c27aa022512a56ce6c55ccb390fce9919c65a75b10f281956c43c64","1"
"eclipse/eclipse-collections","94a8f433bd920565f2fa1a57524f61576a898104","1490997600","1.12","1.8","1.8","org.eclipse.collections.impl.jmh.AnySatisfyTest","short_circuit_middle_parallel_lazy_ec","","","","","","","BOTH_UNSET","BOTH_UNSET","BOTH_UNSET","","","","","","","BOTH_UNSET","BOTH_UNSET","BOTH_UNSET","","","","","","","true","true","","false","false","","false","false","","false","false","","1","","0","0","0","false","false","false","false","false","","","0","0","0","","false","8c5a638a83554cb92a7e657f4583a05580802743a706fea94f126e3daa212f18","1"
"eclipse/eclipse-collections","94a8f433bd920565f2fa1a57524f61576a898104","1490997600","1.12","1.8","1.8","org.eclipse.collections.impl.jmh.AnySatisfyTest","process_all_parallel_lazy_ec","","","","","","","BOTH_UNSET","BOTH_UNSET","BOTH_UNSET","","","","","","","BOTH_UNSET","BOTH_UNSET","BOTH_UNSET","","","","","","","true","true","","false","false","","false","false","","false","false","","1","","0","0","0","false","false","false","false","false","","","0","0","0","","false","40941e1039759f69f8ad198c11c4f1bbb2f9f4c5faaf8dde78db76e836444c05","1"
"eclipse/eclipse-collections","94a8f433bd920565f2fa1a57524f61576a898104","1490997600","1.12","1.8","1.8","org.eclipse.collections.impl.jmh.AnySatisfyTest","short_circuit_middle_parallel_lazy_scala","","","","","","","BOTH_UNSET","BOTH_UNSET","BOTH_UNSET","","","","","","","BOTH_UNSET","BOTH_UNSET","BOTH_UNSET","","","","","","","true","true","","false","false","","false","false","","false","false","","1","","0","0","0","false","false","false","false","false","","","0","0","0","","false","d32181482832213a3b11acc56ca3a2edae1f088055ed98ec6cdb36d49c18a7f9","1"
"eclipse/eclipse-collections","94a8f433bd920565f2fa1a57524f61576a898104","1490997600","1.12","1.8","1.8","org.eclipse.collections.impl.jmh.AnySatisfyTest","process_all_parallel_lazy_scala","","","","","","","BOTH_UNSET","BOTH_UNSET","BOTH_UNSET","","","","","","","BOTH_UNSET","BOTH_UNSET","BOTH_UNSET","","","","","","","true","true","","false","false","","false","false","","false","false","","1","","0","0","0","false","false","false","false","false","","","0","0","0","","false","ad214c8a791bf88545a35e99622a32206e295f6775a6f38a876897d912b35620","1"
"eclipse/eclipse-collections","94a8f433bd920565f2fa1a57524f61576a898104","1490997600","1.12","1.8","1.8","org.eclipse.collections.impl.jmh.AggregateByTest","aggregateByProduct_serial_lazy_jdk","","","","","","","BOTH_UNSET","BOTH_UNSET","BOTH_UNSET","","","","","","","BOTH_UNSET","BOTH_UNSET","BOTH_UNSET","","","","","","","true","true","","false","false","","false","false","","false","false","","1","","0","0","0","false","false","false","false","false","","","0","0","0","java.util.Map<org.eclipse.collections.impl.jmh.AggregateByTest.Product,java.util.DoubleSummaryStatistics>","false","2039654d9ef7bf5e594bbeb3ccb30d867f193fdf0f04aa6ba60da5aa1d57f0b0","3"
"eclipse/eclipse-collections","94a8f433bd920565f2fa1a57524f61576a898104","1490997600","1.12","1.8","1.8","org.eclipse.collections.impl.jmh.AggregateByTest","aggregateByProduct_serial_lazy_streams_ec","","","","","","","BOTH_UNSET","BOTH_UNSET","BOTH_UNSET","","","","","","","BOTH_UNSET","BOTH_UNSET","BOTH_UNSET","","","","","","","true","true","","false","false","","false","false","","false","false","","1","","0","0","0","false","false","false","false","false","","","0","0","0","java.util.Map<org.eclipse.collections.impl.jmh.AggregateByTest.Product,java.util.DoubleSummaryStatistics>","false","5689dfd3c6dc4a52873d98c4c6242378a0d6b53ff83959ef21fbca8c0a7cd01f","3"
"eclipse/eclipse-collections","94a8f433bd920565f2fa1a57524f61576a898104","1490997600","1.12","1.8","1.8","org.eclipse.collections.impl.jmh.AggregateByTest","aggregateByAccount_serial_lazy_jdk","","","","","","","BOTH_UNSET","BOTH_UNSET","BOTH_UNSET","","","","","","","BOTH_UNSET","BOTH_UNSET","BOTH_UNSET","","","","","","","true","true","","false","false","","false","false","","false","false","","1","","0","0","0","false","false","false","false","false","","","0","0","0","java.util.Map<org.eclipse.collections.impl.jmh.AggregateByTest.Account,java.util.DoubleSummaryStatistics>","false","99b85f3239b450c4040cd72642852608abb924971dea33f781f21370e54aeac7","3"
"eclipse/eclipse-collections","94a8f433bd920565f2fa1a57524f61576a898104","1490997600","1.12","1.8","1.8","org.eclipse.collections.impl.jmh.AggregateByTest","aggregateByAccount_serial_lazy_streams_ec","","","","","","","BOTH_UNSET","BOTH_UNSET","BOTH_UNSET","","","","","","","BOTH_UNSET","BOTH_UNSET","BOTH_UNSET","","","","","","","true","true","","false","false","","false","false","","false","false","","1","","0","0","0","false","false","false","false","false","","","0","0","0","java.util.Map<org.eclipse.collections.impl.jmh.AggregateByTest.Account,java.util.DoubleSummaryStatistics>","false","852da455a2696528884becb6bed5780d978abaf907c9b772fb5c3f8fba1a005e","3"
"eclipse/eclipse-collections","94a8f433bd920565f2fa1a57524f61576a898104","1490997600","1.12","1.8","1.8","org.eclipse.collections.impl.jmh.AggregateByTest","aggregateByCategory_serial_lazy_jdk","","","","","","","BOTH_UNSET","BOTH_UNSET","BOTH_UNSET","","","","","","","BOTH_UNSET","BOTH_UNSET","BOTH_UNSET","","","","","","","true","true","","false","false","","false","false","","false","false","","1","","0","0","0","false","false","false","false","false","","","0","0","0","java.util.Map<java.lang.String,java.util.DoubleSummaryStatistics>","false","1edf2c162abe32ed4f7e8d5df6c0da2d4c9cc4f810b39820aea8dc209d75a623","3"
"eclipse/eclipse-collections","94a8f433bd920565f2fa1a57524f61576a898104","1490997600","1.12","1.8","1.8","org.eclipse.collections.impl.jmh.AggregateByTest","aggregateByCategory_serial_lazy_streams_ec","","","","","","","BOTH_UNSET","BOTH_UNSET","BOTH_UNSET","","","","","","","BOTH_UNSET","BOTH_UNSET","BOTH_UNSET","","","","","","","true","true","","false","false","","false","false","","false","false","","1","","0","0","0","false","false","false","false","false","","","0","0","0","java.util.Map<java.lang.String,java.util.DoubleSummaryStatistics>","false","12eccf08704d9ca8543e5819a958fafe76d68ad43c6d02420537166cabe58f38","3"
"eclipse/eclipse-collections","94a8f433bd920565f2fa1a57524f61576a898104","1490997600","1.12","1.8","1.8","org.eclipse.collections.impl.jmh.AggregateByTest","aggregateByProduct_parallel_lazy_jdk","","","","","","","BOTH_UNSET","BOTH_UNSET","BOTH_UNSET","","","","","","","BOTH_UNSET","BOTH_UNSET","BOTH_UNSET","","","","","","","true","true","","false","false","","false","false","","false","false","","1","","0","0","0","false","false","false","false","false","","","0","0","0","java.util.Map<org.eclipse.collections.impl.jmh.AggregateByTest.Product,java.util.DoubleSummaryStatistics>","false","fe7c2f548755d3fb4771b3c9367ba80760a1cb35418860b6c5af047dcc202918","3"
"eclipse/eclipse-collections","94a8f433bd920565f2fa1a57524f61576a898104","1490997600","1.12","1.8","1.8","org.eclipse.collections.impl.jmh.AggregateByTest","aggregateByProduct_parallel_lazy_streams_ec","","","","","","","BOTH_UNSET","BOTH_UNSET","BOTH_UNSET","","","","","","","BOTH_UNSET","BOTH_UNSET","BOTH_UNSET","","","","","","","true","true","","false","false","","false","false","","false","false","","1","","0","0","0","false","false","false","false","false","","","0","0","0","java.util.Map<org.eclipse.collections.impl.jmh.AggregateByTest.Product,java.util.DoubleSummaryStatistics>","false","76de745997d5eef959751a615c80c3c91886a3c778f1244e7304775978b8a7b6","3"
"eclipse/eclipse-collections","94a8f433bd920565f2fa1a57524f61576a898104","1490997600","1.12","1.8","1.8","org.eclipse.collections.impl.jmh.AggregateByTest","aggregateByAccount_parallel_lazy_jdk","","","","","","","BOTH_UNSET","BOTH_UNSET","BOTH_UNSET","","","","","","","BOTH_UNSET","BOTH_UNSET","BOTH_UNSET","","","","","","","true","true","","false","false","","false","false","","false","false","","1","","0","0","0","false","false","false","false","false","","","0","0","0","java.util.Map<org.eclipse.collections.impl.jmh.AggregateByTest.Account,java.util.DoubleSummaryStatistics>","false","745ad62352a2e9ab313878dd43921c42b9cc07e89a49205c1ead83db099862db","3"
"eclipse/eclipse-collections","94a8f433bd920565f2fa1a57524f61576a898104","1490997600","1.12","1.8","1.8","org.eclipse.collections.impl.jmh.AggregateByTest","aggregateByAccount_parallel_lazy_streams_ec","","","","","","","BOTH_UNSET","BOTH_UNSET","BOTH_UNSET","","","","","","","BOTH_UNSET","BOTH_UNSET","BOTH_UNSET","","","","","","","true","true","","false","false","","false","false","","false","false","","1","","0","0","0","false","false","false","false","false","","","0","0","0","java.util.Map<org.eclipse.collections.impl.jmh.AggregateByTest.Account,java.util.DoubleSummaryStatistics>","false","fd5d7616c5523009f4f15ede30967cede3a1886b0b1bab19fc275bbd5662f8f6","3"
"eclipse/eclipse-collections","94a8f433bd920565f2fa1a57524f61576a898104","1490997600","1.12","1.8","1.8","org.eclipse.collections.impl.jmh.AggregateByTest","aggregateByCategory_parallel_lazy_jdk","","","","","","","BOTH_UNSET","BOTH_UNSET","BOTH_UNSET","","","","","","","BOTH_UNSET","BOTH_UNSET","BOTH_UNSET","","","","","","","true","true","","false","false","","false","false","","false","false","","1","","0","0","0","false","false","false","false","false","","","0","0","0","java.util.Map<java.lang.String,java.util.DoubleSummaryStatistics>","false","51ecca2eff7306788cd9989c6987c81d080b5785455b4a87cf974fb7fca3c2a0","3"
"eclipse/eclipse-collections","94a8f433bd920565f2fa1a57524f61576a898104","1490997600","1.12","1.8","1.8","org.eclipse.collections.impl.jmh.AggregateByTest","aggregateByCategory_parallel_lazy_streams_ec","","","","","","","BOTH_UNSET","BOTH_UNSET","BOTH_UNSET","","","","","","","BOTH_UNSET","BOTH_UNSET","BOTH_UNSET","","","","","","","true","true","","false","false","","false","false","","false","false","","1","","0","0","0","false","false","false","false","false","","","0","0","0","java.util.Map<java.lang.String,java.util.DoubleSummaryStatistics>","false","71c7840c25f2792c6c81489799379132563ba676a99ee78a86ef5473b73936b2","3"
"eclipse/eclipse-collections","94a8f433bd920565f2fa1a57524f61576a898104","1490997600","1.12","1.8","1.8","org.eclipse.collections.impl.jmh.AggregateByTest","aggregateByProduct_serial_eager_ec","","","","","","","BOTH_UNSET","BOTH_UNSET","BOTH_UNSET","","","","","","","BOTH_UNSET","BOTH_UNSET","BOTH_UNSET","","","","","","","true","true","","false","false","","false","false","","false","false","","1","","0","0","0","false","false","false","false","false","","","0","0","0","org.eclipse.collections.api.map.MutableMap<org.eclipse.collections.impl.jmh.AggregateByTest.Product,org.eclipse.collections.impl.jmh.AggregateByTest.ImmutableMarketValueStatistics>","false","972b8937a86b62c1ecb0049f72815caa121a3c567c1b697bb539472fabc2fb4d","3"
"eclipse/eclipse-collections","94a8f433bd920565f2fa1a57524f61576a898104","1490997600","1.12","1.8","1.8","org.eclipse.collections.impl.jmh.AggregateByTest","aggregateByAccount_serial_eager_ec","","","","","","","BOTH_UNSET","BOTH_UNSET","BOTH_UNSET","","","","","","","BOTH_UNSET","BOTH_UNSET","BOTH_UNSET","","","","","","","true","true","","false","false","","false","false","","false","false","","1","","0","0","0","false","false","false","false","false","","","0","0","0","org.eclipse.collections.api.map.MutableMap<org.eclipse.collections.impl.jmh.AggregateByTest.Account,org.eclipse.collections.impl.jmh.AggregateByTest.ImmutableMarketValueStatistics>","false","672675aa37f3f49ecd23b16781932ff2a8d9f05c6aed2e7f8f1ed3a5e4e15833","3"
"eclipse/eclipse-collections","94a8f433bd920565f2fa1a57524f61576a898104","1490997600","1.12","1.8","1.8","org.eclipse.collections.impl.jmh.AggregateByTest","aggregateByCategory_serial_eager_ec","","","","","","","BOTH_UNSET","BOTH_UNSET","BOTH_UNSET","","","","","","","BOTH_UNSET","BOTH_UNSET","BOTH_UNSET","","","","","","","true","true","","false","false","","false","false","","false","false","","1","","0","0","0","false","false","false","false","false","","","0","0","0","org.eclipse.collections.api.map.MutableMap<java.lang.String,org.eclipse.collections.impl.jmh.AggregateByTest.ImmutableMarketValueStatistics>","false","ccd4572bbad5210719695e985bcf58eff620e3e5d8377d5ad8ef66972a79a3b5","3"
"eclipse/eclipse-collections","94a8f433bd920565f2fa1a57524f61576a898104","1490997600","1.12","1.8","1.8","org.eclipse.collections.impl.jmh.AggregateByTest","aggregateByProduct_parallel_eager_ec","","","","","","","BOTH_UNSET","BOTH_UNSET","BOTH_UNSET","","","","","","","BOTH_UNSET","BOTH_UNSET","BOTH_UNSET","","","","","","","true","true","","false","false","","false","false","","false","false","","1","","0","0","0","false","false","false","false","false","","","0","0","0","org.eclipse.collections.api.map.MutableMap<org.eclipse.collections.impl.jmh.AggregateByTest.Product,org.eclipse.collections.impl.jmh.AggregateByTest.ImmutableMarketValueStatistics>","false","fa78c9854aa44d3a92aa01586bb532e62fea528faf5ee7c5c7742daecf20e251","3"
"eclipse/eclipse-collections","94a8f433bd920565f2fa1a57524f61576a898104","1490997600","1.12","1.8","1.8","org.eclipse.collections.impl.jmh.AggregateByTest","aggregateByAccount_parallel_eager_ec","","","","","","","BOTH_UNSET","BOTH_UNSET","BOTH_UNSET","","","","","","","BOTH_UNSET","BOTH_UNSET","BOTH_UNSET","","","","","","","true","true","","false","false","","false","false","","false","false","","1","","0","0","0","false","false","false","false","false","","","0","0","0","org.eclipse.collections.api.map.MutableMap<org.eclipse.collections.impl.jmh.AggregateByTest.Account,org.eclipse.collections.impl.jmh.AggregateByTest.ImmutableMarketValueStatistics>","false","897b782e593e9b7a2ae342d52b777c8bb10c7fb274d016df7eee77c158cada28","3"
"eclipse/eclipse-collections","94a8f433bd920565f2fa1a57524f61576a898104","1490997600","1.12","1.8","1.8","org.eclipse.collections.impl.jmh.AggregateByTest","aggregateByCategory_parallel_eager_ec","","","","","","","BOTH_UNSET","BOTH_UNSET","BOTH_UNSET","","","","","","","BOTH_UNSET","BOTH_UNSET","BOTH_UNSET","","","","","","","true","true","","false","false","","false","false","","false","false","","1","","0","0","0","false","false","false","false","false","","","0","0","0","org.eclipse.collections.api.map.MutableMap<java.lang.String,org.eclipse.collections.impl.jmh.AggregateByTest.ImmutableMarketValueStatistics>","false","ae291b76c6f879c8a73c54c7d8bf2a7bfeb7a6d932c63733383905096aaf391a","3"
"eclipse/eclipse-collections","94a8f433bd920565f2fa1a57524f61576a898104","1490997600","1.12","1.8","1.8","org.eclipse.collections.impl.jmh.AggregateByTest","aggregateByProduct_serial_lazy_ec","","","","","","","BOTH_UNSET","BOTH_UNSET","BOTH_UNSET","","","","","","","BOTH_UNSET","BOTH_UNSET","BOTH_UNSET","","","","","","","true","true","","false","false","","false","false","","false","false","","1","","0","0","0","false","false","false","false","false","","","0","0","0","org.eclipse.collections.api.map.MapIterable<org.eclipse.collections.impl.jmh.AggregateByTest.Product,org.eclipse.collections.impl.jmh.AggregateByTest.ImmutableMarketValueStatistics>","false","a2660a9d39efd344ef15e17bd0f5a81de8881f10468a4d3a6dd92ac54ae737e4","3"
"eclipse/eclipse-collections","94a8f433bd920565f2fa1a57524f61576a898104","1490997600","1.12","1.8","1.8","org.eclipse.collections.impl.jmh.AggregateByTest","aggregateByAccount_serial_lazy_ec","","","","","","","BOTH_UNSET","BOTH_UNSET","BOTH_UNSET","","","","","","","BOTH_UNSET","BOTH_UNSET","BOTH_UNSET","","","","","","","true","true","","false","false","","false","false","","false","false","","1","","0","0","0","false","false","false","false","false","","","0","0","0","org.eclipse.collections.api.map.MapIterable<org.eclipse.collections.impl.jmh.AggregateByTest.Account,org.eclipse.collections.impl.jmh.AggregateByTest.ImmutableMarketValueStatistics>","false","ba4f58876d507578fe4fdfa0df2bb78afc0ca727eb04ad9197fe8c661ad02d7d","3"
"eclipse/eclipse-collections","94a8f433bd920565f2fa1a57524f61576a898104","1490997600","1.12","1.8","1.8","org.eclipse.collections.impl.jmh.AggregateByTest","aggregateByCategory_serial_lazy_ec","","","","","","","BOTH_UNSET","BOTH_UNSET","BOTH_UNSET","","","","","","","BOTH_UNSET","BOTH_UNSET","BOTH_UNSET","","","","","","","true","true","","false","false","","false","false","","false","false","","1","","0","0","0","false","false","false","false","false","","","0","0","0","org.eclipse.collections.api.map.MapIterable<java.lang.String,org.eclipse.collections.impl.jmh.AggregateByTest.ImmutableMarketValueStatistics>","false","2f7b7e92982eae4d5011e2952cc8ed2201b7c8d54b2617e46542e7842ee84b41","3"
"eclipse/eclipse-collections","94a8f433bd920565f2fa1a57524f61576a898104","1490997600","1.12","1.8","1.8","org.eclipse.collections.impl.jmh.AggregateByTest","aggregateByProduct_parallel_lazy_ec","","","","","","","BOTH_UNSET","BOTH_UNSET","BOTH_UNSET","","","","","","","BOTH_UNSET","BOTH_UNSET","BOTH_UNSET","","","","","","","true","true","","false","false","","false","false","","false","false","","1","","0","0","0","false","false","false","false","false","","","0","0","0","org.eclipse.collections.api.map.MapIterable<org.eclipse.collections.impl.jmh.AggregateByTest.Product,org.eclipse.collections.impl.jmh.AggregateByTest.ImmutableMarketValueStatistics>","false","a7878ddaabd409e8be8f3b84d654664ebaef47854cbde0bd45a3c440e2efdd33","3"
"eclipse/eclipse-collections","94a8f433bd920565f2fa1a57524f61576a898104","1490997600","1.12","1.8","1.8","org.eclipse.collections.impl.jmh.AggregateByTest","aggregateByAccount_parallel_lazy_ec","","","","","","","BOTH_UNSET","BOTH_UNSET","BOTH_UNSET","","","","","","","BOTH_UNSET","BOTH_UNSET","BOTH_UNSET","","","","","","","true","true","","false","false","","false","false","","false","false","","1","","0","0","0","false","false","false","false","false","","","0","0","0","org.eclipse.collections.api.map.MapIterable<org.eclipse.collections.impl.jmh.AggregateByTest.Account,org.eclipse.collections.impl.jmh.AggregateByTest.ImmutableMarketValueStatistics>","false","250015be62aaeb31a76cf2fef77a0f2ced2c4dcdd432fc2fb3054a39fffab85a","3"
"eclipse/eclipse-collections","94a8f433bd920565f2fa1a57524f61576a898104","1490997600","1.12","1.8","1.8","org.eclipse.collections.impl.jmh.AggregateByTest","aggregateByCategory_parallel_lazy_ec","","","","","","","BOTH_UNSET","BOTH_UNSET","BOTH_UNSET","","","","","","","BOTH_UNSET","BOTH_UNSET","BOTH_UNSET","","","","","","","true","true","","false","false","","false","false","","false","false","","1","","0","0","0","false","false","false","false","false","","","0","0","0","org.eclipse.collections.api.map.MapIterable<java.lang.String,org.eclipse.collections.impl.jmh.AggregateByTest.ImmutableMarketValueStatistics>","false","588b9b37811bb3adc1ebcb0105e325abfc526917803cd72d12f2769d310c10b8","3"
"eclipse/eclipse-collections","94a8f433bd920565f2fa1a57524f61576a898104","1490997600","1.12","1.8","1.8","org.eclipse.collections.impl.jmh.AggregateByTest","aggregateInPlaceByProduct_serial_eager_ec","","","","","","","BOTH_UNSET","BOTH_UNSET","BOTH_UNSET","","","","","","","BOTH_UNSET","BOTH_UNSET","BOTH_UNSET","","","","","","","true","true","","false","false","","false","false","","false","false","","1","","0","0","0","false","false","false","false","false","","","0","0","0","org.eclipse.collections.api.map.MutableMap<org.eclipse.collections.impl.jmh.AggregateByTest.Product,org.eclipse.collections.impl.jmh.AggregateByTest.MarketValueStatistics>","false","3e150ff85a1cba23eebbc8f1be8d7f8b774eec034edcb03b3ae3250707229ae4","3"
"eclipse/eclipse-collections","94a8f433bd920565f2fa1a57524f61576a898104","1490997600","1.12","1.8","1.8","org.eclipse.collections.impl.jmh.AggregateByTest","aggregateInPlaceByAccount_serial_eager_ec","","","","","","","BOTH_UNSET","BOTH_UNSET","BOTH_UNSET","","","","","","","BOTH_UNSET","BOTH_UNSET","BOTH_UNSET","","","","","","","true","true","","false","false","","false","false","","false","false","","1","","0","0","0","false","false","false","false","false","","","0","0","0","org.eclipse.collections.api.map.MutableMap<org.eclipse.collections.impl.jmh.AggregateByTest.Account,org.eclipse.collections.impl.jmh.AggregateByTest.MarketValueStatistics>","false","7ab1aef272abeeb8c0a69eccc0902f762561df54630064325ce488e694b5018c","3"
"eclipse/eclipse-collections","94a8f433bd920565f2fa1a57524f61576a898104","1490997600","1.12","1.8","1.8","org.eclipse.collections.impl.jmh.AggregateByTest","aggregateInPlaceByCategory_serial_eager_ec","","","","","","","BOTH_UNSET","BOTH_UNSET","BOTH_UNSET","","","","","","","BOTH_UNSET","BOTH_UNSET","BOTH_UNSET","","","","","","","true","true","","false","false","","false","false","","false","false","","1","","0","0","0","false","false","false","false","false","","","0","0","0","org.eclipse.collections.api.map.MutableMap<java.lang.String,org.eclipse.collections.impl.jmh.AggregateByTest.MarketValueStatistics>","false","7d22bdf293f2e46cecfc19b17a7b6034413b4a5401a3b291f2cd4a234517922d","3"
"eclipse/eclipse-collections","94a8f433bd920565f2fa1a57524f61576a898104","1490997600","1.12","1.8","1.8","org.eclipse.collections.impl.jmh.AggregateByTest","aggregateInPlaceByProduct_parallel_eager_ec","","","","","","","BOTH_UNSET","BOTH_UNSET","BOTH_UNSET","","","","","","","BOTH_UNSET","BOTH_UNSET","BOTH_UNSET","","","","","","","true","true","","false","false","","false","false","","false","false","","1","","0","0","0","false","false","false","false","false","","","0","0","0","org.eclipse.collections.api.map.MutableMap<org.eclipse.collections.impl.jmh.AggregateByTest.Product,org.eclipse.collections.impl.jmh.AggregateByTest.MarketValueStatistics>","false","7a48dbc515123fada2134fa765a78cc3992e43b0b2622866f30046356a7248d9","3"
"eclipse/eclipse-collections","94a8f433bd920565f2fa1a57524f61576a898104","1490997600","1.12","1.8","1.8","org.eclipse.collections.impl.jmh.AggregateByTest","aggregateInPlaceByAccount_parallel_eager_ec","","","","","","","BOTH_UNSET","BOTH_UNSET","BOTH_UNSET","","","","","","","BOTH_UNSET","BOTH_UNSET","BOTH_UNSET","","","","","","","true","true","","false","false","","false","false","","false","false","","1","","0","0","0","false","false","false","false","false","","","0","0","0","org.eclipse.collections.api.map.MutableMap<org.eclipse.collections.impl.jmh.AggregateByTest.Account,org.eclipse.collections.impl.jmh.AggregateByTest.MarketValueStatistics>","false","470313c063257156f498acf0be1e2195e3337d23c1e10e76b3552cb85c2f8d26","3"
"eclipse/eclipse-collections","94a8f433bd920565f2fa1a57524f61576a898104","1490997600","1.12","1.8","1.8","org.eclipse.collections.impl.jmh.AggregateByTest","aggregateInPlaceByCategory_parallel_eager_ec","","","","","","","BOTH_UNSET","BOTH_UNSET","BOTH_UNSET","","","","","","","BOTH_UNSET","BOTH_UNSET","BOTH_UNSET","","","","","","","true","true","","false","false","","false","false","","false","false","","1","","0","0","0","false","false","false","false","false","","","0","0","0","org.eclipse.collections.api.map.MutableMap<java.lang.String,org.eclipse.collections.impl.jmh.AggregateByTest.MarketValueStatistics>","false","df893369951c637b1c6f45f0ba34a1d0284421fe34db7877af5d2e665a999d5a","3"
"eclipse/eclipse-collections","94a8f433bd920565f2fa1a57524f61576a898104","1490997600","1.12","1.8","1.8","org.eclipse.collections.impl.jmh.AggregateByTest","aggregateInPlaceByProduct_parallel_lazy_ec","","","","","","","BOTH_UNSET","BOTH_UNSET","BOTH_UNSET","","","","","","","BOTH_UNSET","BOTH_UNSET","BOTH_UNSET","","","","","","","true","true","","false","false","","false","false","","false","false","","1","","0","0","0","false","false","false","false","false","","","0","0","0","org.eclipse.collections.api.map.MapIterable<org.eclipse.collections.impl.jmh.AggregateByTest.Product,org.eclipse.collections.impl.jmh.AggregateByTest.MarketValueStatistics>","false","21a2004d392d604fb50de955aee3852b837f90ed67393cc19d1916a442d66dc5","3"
"eclipse/eclipse-collections","94a8f433bd920565f2fa1a57524f61576a898104","1490997600","1.12","1.8","1.8","org.eclipse.collections.impl.jmh.AggregateByTest","aggregateInPlaceByAccount_parallel_lazy_ec","","","","","","","BOTH_UNSET","BOTH_UNSET","BOTH_UNSET","","","","","","","BOTH_UNSET","BOTH_UNSET","BOTH_UNSET","","","","","","","true","true","","false","false","","false","false","","false","false","","1","","0","0","0","false","false","false","false","false","","","0","0","0","org.eclipse.collections.api.map.MapIterable<org.eclipse.collections.impl.jmh.AggregateByTest.Account,org.eclipse.collections.impl.jmh.AggregateByTest.MarketValueStatistics>","false","d11a1d0efd26955ac09910bc81c64a8cba74fe9b02e96afd98bd52c81f2c8c9a","3"
"eclipse/eclipse-collections","94a8f433bd920565f2fa1a57524f61576a898104","1490997600","1.12","1.8","1.8","org.eclipse.collections.impl.jmh.AggregateByTest","aggregateInPlaceByCategory_parallel_lazy_ec","","","","","","","BOTH_UNSET","BOTH_UNSET","BOTH_UNSET","","","","","","","BOTH_UNSET","BOTH_UNSET","BOTH_UNSET","","","","","","","true","true","","false","false","","false","false","","false","false","","1","","0","0","0","false","false","false","false","false","","","0","0","0","org.eclipse.collections.api.map.MapIterable<java.lang.String,org.eclipse.collections.impl.jmh.AggregateByTest.MarketValueStatistics>","false","af14819f420785fb05209d13814f6e6ea6138f40bf76fa3393bfa73086cc612f","3"
"eclipse/eclipse-collections","94a8f433bd920565f2fa1a57524f61576a898104","1490997600","1.12","1.8","1.8","org.eclipse.collections.impl.jmh.GroupBySetTest","groupBy_2_keys_serial_lazy_jdk","","","","","","","BOTH_UNSET","BOTH_UNSET","BOTH_UNSET","","","","","","","BOTH_UNSET","BOTH_UNSET","BOTH_UNSET","","","","","","","true","true","","false","false","","false","false","","false","false","","1","","0","0","0","false","false","false","false","false","","","0","0","0","java.util.Map<java.lang.Boolean,java.util.Set<java.lang.Integer>>","false","e01c3cf6a401e44c27685ffb83de53e76b8145c50fad801f1765e616d7b46332","3"
"eclipse/eclipse-collections","94a8f433bd920565f2fa1a57524f61576a898104","1490997600","1.12","1.8","1.8","org.eclipse.collections.impl.jmh.GroupBySetTest","groupBy_2_keys_serial_lazy_streams_ec","","","","","","","BOTH_UNSET","BOTH_UNSET","BOTH_UNSET","","","","","","","BOTH_UNSET","BOTH_UNSET","BOTH_UNSET","","","","","","","true","true","","false","false","","false","false","","false","false","","1","","0","0","0","false","false","false","false","false","","","0","0","0","java.util.Map<java.lang.Boolean,java.util.Set<java.lang.Integer>>","false","d6aff22e399bddd166a594068e3a9e31652bd89293fec18e7d4ce8b92bc9d01e","3"
"eclipse/eclipse-collections","94a8f433bd920565f2fa1a57524f61576a898104","1490997600","1.12","1.8","1.8","org.eclipse.collections.impl.jmh.GroupBySetTest","groupBy_100_keys_serial_lazy_jdk","","","","","","","BOTH_UNSET","BOTH_UNSET","BOTH_UNSET","","","","","","","BOTH_UNSET","BOTH_UNSET","BOTH_UNSET","","","","","","","true","true","","false","false","","false","false","","false","false","","1","","0","0","0","false","false","false","false","false","","","0","0","0","java.util.Map<java.lang.Integer,java.util.Set<java.lang.Integer>>","false","eb94792765c3a7f4f998ff69dec44484ff92c39652c0f19c094eb89cc963d3ab","3"
"eclipse/eclipse-collections","94a8f433bd920565f2fa1a57524f61576a898104","1490997600","1.12","1.8","1.8","org.eclipse.collections.impl.jmh.GroupBySetTest","groupBy_100_keys_serial_lazy_streams_ec","","","","","","","BOTH_UNSET","BOTH_UNSET","BOTH_UNSET","","","","","","","BOTH_UNSET","BOTH_UNSET","BOTH_UNSET","","","","","","","true","true","","false","false","","false","false","","false","false","","1","","0","0","0","false","false","false","false","false","","","0","0","0","java.util.Map<java.lang.Integer,java.util.Set<java.lang.Integer>>","false","6559104433be8a6a5417e482eaf6b031bd0e1afab6a1b668b0d1b60806c8a86b","3"
"eclipse/eclipse-collections","94a8f433bd920565f2fa1a57524f61576a898104","1490997600","1.12","1.8","1.8","org.eclipse.collections.impl.jmh.GroupBySetTest","groupBy_10000_keys_serial_lazy_jdk","","","","","","","BOTH_UNSET","BOTH_UNSET","BOTH_UNSET","","","","","","","BOTH_UNSET","BOTH_UNSET","BOTH_UNSET","","","","","","","true","true","","false","false","","false","false","","false","false","","1","","0","0","0","false","false","false","false","false","","","0","0","0","java.util.Map<java.lang.Integer,java.util.Set<java.lang.Integer>>","false","e3b0c44298fc1c149afbf4c8996fb92427ae41e4649b934ca495991b7852b855","1"
"eclipse/eclipse-collections","94a8f433bd920565f2fa1a57524f61576a898104","1490997600","1.12","1.8","1.8","org.eclipse.collections.impl.jmh.GroupBySetTest","groupBy_10000_keys_serial_lazy_streams_ec","","","","","","","BOTH_UNSET","BOTH_UNSET","BOTH_UNSET","","","","","","","BOTH_UNSET","BOTH_UNSET","BOTH_UNSET","","","","","","","true","true","","false","false","","false","false","","false","false","","1","","0","0","0","false","false","false","false","false","","","0","0","0","java.util.Map<java.lang.Integer,java.util.Set<java.lang.Integer>>","false","e3b0c44298fc1c149afbf4c8996fb92427ae41e4649b934ca495991b7852b855","1"
"eclipse/eclipse-collections","94a8f433bd920565f2fa1a57524f61576a898104","1490997600","1.12","1.8","1.8","org.eclipse.collections.impl.jmh.GroupBySetTest","groupBy_2_keys_parallel_lazy_jdk","","","","","","","BOTH_UNSET","BOTH_UNSET","BOTH_UNSET","","","","","","","BOTH_UNSET","BOTH_UNSET","BOTH_UNSET","","","","","","","true","true","","false","false","","false","false","","false","false","","1","","0","0","0","false","false","false","false","false","","","0","0","0","java.util.Map<java.lang.Boolean,java.util.Set<java.lang.Integer>>","false","314c10feac783a5748a4ff4f5e9d8d7195170c9673e8286ee999d4f87558d21a","3"
"eclipse/eclipse-collections","94a8f433bd920565f2fa1a57524f61576a898104","1490997600","1.12","1.8","1.8","org.eclipse.collections.impl.jmh.GroupBySetTest","groupBy_2_keys_parallel_lazy_streams_ec","","","","","","","BOTH_UNSET","BOTH_UNSET","BOTH_UNSET","","","","","","","BOTH_UNSET","BOTH_UNSET","BOTH_UNSET","","","","","","","true","true","","false","false","","false","false","","false","false","","1","","0","0","0","false","false","false","false","false","","","0","0","0","java.util.Map<java.lang.Boolean,java.util.Set<java.lang.Integer>>","false","a5571a63cf7d80dc181bc5ebfd034b8e446686e1437b6017eccfc32d17530be0","3"
"eclipse/eclipse-collections","94a8f433bd920565f2fa1a57524f61576a898104","1490997600","1.12","1.8","1.8","org.eclipse.collections.impl.jmh.GroupBySetTest","groupBy_100_keys_parallel_lazy_jdk","","","","","","","BOTH_UNSET","BOTH_UNSET","BOTH_UNSET","","","","","","","BOTH_UNSET","BOTH_UNSET","BOTH_UNSET","","","","","","","true","true","","false","false","","false","false","","false","false","","1","","0","0","0","false","false","false","false","false","","","0","0","0","java.util.Map<java.lang.Integer,java.util.Set<java.lang.Integer>>","false","f58f1e1d68943ed780b41d09c94117a3d089ad94c19ead34b914c0541199c1be","3"
"eclipse/eclipse-collections","94a8f433bd920565f2fa1a57524f61576a898104","1490997600","1.12","1.8","1.8","org.eclipse.collections.impl.jmh.GroupBySetTest","groupBy_100_keys_parallel_lazy_streams_ec","","","","","","","BOTH_UNSET","BOTH_UNSET","BOTH_UNSET","","","","","","","BOTH_UNSET","BOTH_UNSET","BOTH_UNSET","","","","","","","true","true","","false","false","","false","false","","false","false","","1","","0","0","0","false","false","false","false","false","","","0","0","0","java.util.Map<java.lang.Integer,java.util.Set<java.lang.Integer>>","false","3fa62a2c138336a44bed209d9ab5703ca8df39835a3eb85dd53639e9aa530d91","3"
"eclipse/eclipse-collections","94a8f433bd920565f2fa1a57524f61576a898104","1490997600","1.12","1.8","1.8","org.eclipse.collections.impl.jmh.GroupBySetTest","groupBy_10000_keys_parallel_lazy_jdk","","","","","","","BOTH_UNSET","BOTH_UNSET","BOTH_UNSET","","","","","","","BOTH_UNSET","BOTH_UNSET","BOTH_UNSET","","","","","","","true","true","","false","false","","false","false","","false","false","","1","","0","0","0","false","false","false","false","false","","","0","0","0","java.util.Map<java.lang.Integer,java.util.Set<java.lang.Integer>>","false","e3b0c44298fc1c149afbf4c8996fb92427ae41e4649b934ca495991b7852b855","1"
"eclipse/eclipse-collections","94a8f433bd920565f2fa1a57524f61576a898104","1490997600","1.12","1.8","1.8","org.eclipse.collections.impl.jmh.GroupBySetTest","groupBy_10000_keys_parallel_lazy_streams_ec","","","","","","","BOTH_UNSET","BOTH_UNSET","BOTH_UNSET","","","","","","","BOTH_UNSET","BOTH_UNSET","BOTH_UNSET","","","","","","","true","true","","false","false","","false","false","","false","false","","1","","0","0","0","false","false","false","false","false","","","0","0","0","java.util.Map<java.lang.Integer,java.util.Set<java.lang.Integer>>","false","e3b0c44298fc1c149afbf4c8996fb92427ae41e4649b934ca495991b7852b855","1"
"eclipse/eclipse-collections","94a8f433bd920565f2fa1a57524f61576a898104","1490997600","1.12","1.8","1.8","org.eclipse.collections.impl.jmh.GroupBySetTest","groupBy_unordered_lists_2_keys_serial_eager_guava","","","","","","","BOTH_UNSET","BOTH_UNSET","BOTH_UNSET","","","","","","","BOTH_UNSET","BOTH_UNSET","BOTH_UNSET","","","","","","","true","true","","false","false","","false","false","","false","false","","1","","0","0","0","false","false","false","false","false","","","0","0","0","org.eclipse.collections.impl.jmh.ImmutableListMultimap","false","57f665f152ec613d75e3e6a99e2f60edd2c53b6c5d477a87e87e672ddf17c175","3"
"eclipse/eclipse-collections","94a8f433bd920565f2fa1a57524f61576a898104","1490997600","1.12","1.8","1.8","org.eclipse.collections.impl.jmh.GroupBySetTest","groupBy_unordered_lists_100_keys_serial_eager_guava","","","","","","","BOTH_UNSET","BOTH_UNSET","BOTH_UNSET","","","","","","","BOTH_UNSET","BOTH_UNSET","BOTH_UNSET","","","","","","","true","true","","false","false","","false","false","","false","false","","1","","0","0","0","false","false","false","false","false","","","0","0","0","org.eclipse.collections.impl.jmh.ImmutableListMultimap","false","396be8dc5e191e29a6d7dddb44d19cefcb0424caae59ce3e29c8664bdefb12df","3"
"eclipse/eclipse-collections","94a8f433bd920565f2fa1a57524f61576a898104","1490997600","1.12","1.8","1.8","org.eclipse.collections.impl.jmh.GroupBySetTest","groupBy_unordered_lists_10000_keys_serial_eager_guava","","","","","","","BOTH_UNSET","BOTH_UNSET","BOTH_UNSET","","","","","","","BOTH_UNSET","BOTH_UNSET","BOTH_UNSET","","","","","","","true","true","","false","false","","false","false","","false","false","","1","","0","0","0","false","false","false","false","false","","","0","0","0","org.eclipse.collections.impl.jmh.ImmutableListMultimap","false","e3b0c44298fc1c149afbf4c8996fb92427ae41e4649b934ca495991b7852b855","1"
"eclipse/eclipse-collections","94a8f433bd920565f2fa1a57524f61576a898104","1490997600","1.12","1.8","1.8","org.eclipse.collections.impl.jmh.GroupBySetTest","groupBy_2_keys_serial_eager_ec","","","","","","","BOTH_UNSET","BOTH_UNSET","BOTH_UNSET","","","","","","","BOTH_UNSET","BOTH_UNSET","BOTH_UNSET","","","","","","","true","true","","false","false","","false","false","","false","false","","1","","0","0","0","false","false","false","false","false","","","0","0","0","org.eclipse.collections.impl.multimap.set.UnifiedSetMultimap<java.lang.Boolean,java.lang.Integer>","false","18a20c466b0c7f927fdc5dba074f5cc410b4aed29391fcf237eee4632cddb9a7","3"
"eclipse/eclipse-collections","94a8f433bd920565f2fa1a57524f61576a898104","1490997600","1.12","1.8","1.8","org.eclipse.collections.impl.jmh.GroupBySetTest","groupBy_100_keys_serial_eager_ec","","","","","","","BOTH_UNSET","BOTH_UNSET","BOTH_UNSET","","","","","","","BOTH_UNSET","BOTH_UNSET","BOTH_UNSET","","","","","","","true","true","","false","false","","false","false","","false","false","","1","","0","0","0","false","false","false","false","false","","","0","0","0","org.eclipse.collections.impl.multimap.set.UnifiedSetMultimap<java.lang.Integer,java.lang.Integer>","false","3dd162052ae93b4352f966e877a10550e7dedf7af54b250c357467fb0148af51","3"
"eclipse/eclipse-collections","94a8f433bd920565f2fa1a57524f61576a898104","1490997600","1.12","1.8","1.8","org.eclipse.collections.impl.jmh.GroupBySetTest","groupBy_10000_keys_serial_eager_ec","","","","","","","BOTH_UNSET","BOTH_UNSET","BOTH_UNSET","","","","","","","BOTH_UNSET","BOTH_UNSET","BOTH_UNSET","","","","","","","true","true","","false","false","","false","false","","false","false","","1","","0","0","0","false","false","false","false","false","","","0","0","0","org.eclipse.collections.impl.multimap.set.UnifiedSetMultimap<java.lang.Integer,java.lang.Integer>","false","e3b0c44298fc1c149afbf4c8996fb92427ae41e4649b934ca495991b7852b855","1"
"eclipse/eclipse-collections","94a8f433bd920565f2fa1a57524f61576a898104","1490997600","1.12","1.8","1.8","org.eclipse.collections.impl.jmh.GroupBySetTest","groupBy_unordered_lists_2_keys_serial_lazy_ec","","","","","","","BOTH_UNSET","BOTH_UNSET","BOTH_UNSET","","","","","","","BOTH_UNSET","BOTH_UNSET","BOTH_UNSET","","","","","","","true","true","","false","false","","false","false","","false","false","","1","","0","0","0","false","false","false","false","false","","","0","0","0","org.eclipse.collections.api.multimap.Multimap<java.lang.Boolean,java.lang.Integer>","false","4324831e683507f84e800471f9c8c9532ac9f6cb25aaf0ad5961cb71689fb982","3"
"eclipse/eclipse-collections","94a8f433bd920565f2fa1a57524f61576a898104","1490997600","1.12","1.8","1.8","org.eclipse.collections.impl.jmh.GroupBySetTest","groupBy_unordered_lists_100_keys_serial_lazy_ec","","","","","","","BOTH_UNSET","BOTH_UNSET","BOTH_UNSET","","","","","","","BOTH_UNSET","BOTH_UNSET","BOTH_UNSET","","","","","","","true","true","","false","false","","false","false","","false","false","","1","","0","0","0","false","false","false","false","false","","","0","0","0","org.eclipse.collections.api.multimap.Multimap<java.lang.Integer,java.lang.Integer>","false","e5ed3c9bf16af4ae58024a21a516ac2cf2b1d1bff1720d4f9f1ff2b1f0745da7","3"
"eclipse/eclipse-collections","94a8f433bd920565f2fa1a57524f61576a898104","1490997600","1.12","1.8","1.8","org.eclipse.collections.impl.jmh.GroupBySetTest","groupBy_unordered_lists_10000_keys_serial_lazy_ec","","","","","","","BOTH_UNSET","BOTH_UNSET","BOTH_UNSET","","","","","","","BOTH_UNSET","BOTH_UNSET","BOTH_UNSET","","","","","","","true","true","","false","false","","false","false","","false","false","","1","","0","0","0","false","false","false","false","false","","","0","0","0","org.eclipse.collections.api.multimap.Multimap<java.lang.Integer,java.lang.Integer>","false","e3b0c44298fc1c149afbf4c8996fb92427ae41e4649b934ca495991b7852b855","1"
"eclipse/eclipse-collections","94a8f433bd920565f2fa1a57524f61576a898104","1490997600","1.12","1.8","1.8","org.eclipse.collections.impl.jmh.GroupBySetTest","groupBy_2_keys_parallel_lazy_ec","","","","","","","BOTH_UNSET","BOTH_UNSET","BOTH_UNSET","","","","","","","BOTH_UNSET","BOTH_UNSET","BOTH_UNSET","","","","","","","true","true","","false","false","","false","false","","false","false","","1","","0","0","0","false","false","false","false","false","","","0","0","0","org.eclipse.collections.api.multimap.set.UnsortedSetMultimap<java.lang.Boolean,java.lang.Integer>","false","23525753e2b1daf0086c61193bbab27e31fddce932404f6ab1d0a870f9b13983","3"
"eclipse/eclipse-collections","94a8f433bd920565f2fa1a57524f61576a898104","1490997600","1.12","1.8","1.8","org.eclipse.collections.impl.jmh.GroupBySetTest","groupBy_100_keys_parallel_lazy_ec","","","","","","","BOTH_UNSET","BOTH_UNSET","BOTH_UNSET","","","","","","","BOTH_UNSET","BOTH_UNSET","BOTH_UNSET","","","","","","","true","true","","false","false","","false","false","","false","false","","1","","0","0","0","false","false","false","false","false","","","0","0","0","org.eclipse.collections.api.multimap.set.UnsortedSetMultimap<java.lang.Integer,java.lang.Integer>","false","8b0ccb1d622c5fc770557c3f05ecde414ecb0ac5958f6fda15db0045a0a10c81","3"
"eclipse/eclipse-collections","94a8f433bd920565f2fa1a57524f61576a898104","1490997600","1.12","1.8","1.8","org.eclipse.collections.impl.jmh.GroupBySetTest","groupBy_10000_keys_parallel_lazy_ec","","","","","","","BOTH_UNSET","BOTH_UNSET","BOTH_UNSET","","","","","","","BOTH_UNSET","BOTH_UNSET","BOTH_UNSET","","","","","","","true","true","","false","false","","false","false","","false","false","","1","","0","0","0","false","false","false","false","false","","","0","0","0","org.eclipse.collections.api.multimap.set.UnsortedSetMultimap<java.lang.Integer,java.lang.Integer>","false","e3b0c44298fc1c149afbf4c8996fb92427ae41e4649b934ca495991b7852b855","1"
"eclipse/eclipse-collections","94a8f433bd920565f2fa1a57524f61576a898104","1490997600","1.12","1.8","1.8","org.eclipse.collections.impl.jmh.GroupBySetTest","groupBy_2_keys_serial_eager_scala","","","","","","","BOTH_UNSET","BOTH_UNSET","BOTH_UNSET","","","","","","","BOTH_UNSET","BOTH_UNSET","BOTH_UNSET","","","","","","","true","true","","false","false","","false","false","","false","false","","1","","0","0","0","false","false","false","false","false","","","0","0","0","","false","e23cd3d9e501b9746adff7a8c7754fbbc6ce3c05498f82741f976b34be1ce901","1"
"eclipse/eclipse-collections","94a8f433bd920565f2fa1a57524f61576a898104","1490997600","1.12","1.8","1.8","org.eclipse.collections.impl.jmh.GroupBySetTest","groupBy_100_keys_serial_eager_scala","","","","","","","BOTH_UNSET","BOTH_UNSET","BOTH_UNSET","","","","","","","BOTH_UNSET","BOTH_UNSET","BOTH_UNSET","","","","","","","true","true","","false","false","","false","false","","false","false","","1","","0","0","0","false","false","false","false","false","","","0","0","0","","false","a226f7e3d5a370746a4f952ff9abff8dba590630745abf315e0711433142e8ff","1"
"eclipse/eclipse-collections","94a8f433bd920565f2fa1a57524f61576a898104","1490997600","1.12","1.8","1.8","org.eclipse.collections.impl.jmh.GroupBySetTest","groupBy_10000_keys_serial_eager_scala","","","","","","","BOTH_UNSET","BOTH_UNSET","BOTH_UNSET","","","","","","","BOTH_UNSET","BOTH_UNSET","BOTH_UNSET","","","","","","","true","true","","false","false","","false","false","","false","false","","1","","0","0","0","false","false","false","false","false","","","0","0","0","","false","9b8cf493db4bc55eef42d1896b4168301e2ddca1698b3dddd82cd8c97576a17a","1"
"eclipse/eclipse-collections","94a8f433bd920565f2fa1a57524f61576a898104","1490997600","1.12","1.8","1.8","org.eclipse.collections.impl.jmh.GroupBySetTest","groupBy_2_keys_serial_lazy_scala","","","","","","","BOTH_UNSET","BOTH_UNSET","BOTH_UNSET","","","","","","","BOTH_UNSET","BOTH_UNSET","BOTH_UNSET","","","","","","","true","true","","false","false","","false","false","","false","false","","1","","0","0","0","false","false","false","false","false","","","0","0","0","","false","1d42467a765786fac33614d1aebc50105fa0246659837538e12cc25e84a69a50","1"
"eclipse/eclipse-collections","94a8f433bd920565f2fa1a57524f61576a898104","1490997600","1.12","1.8","1.8","org.eclipse.collections.impl.jmh.GroupBySetTest","groupBy_100_keys_serial_lazy_scala","","","","","","","BOTH_UNSET","BOTH_UNSET","BOTH_UNSET","","","","","","","BOTH_UNSET","BOTH_UNSET","BOTH_UNSET","","","","","","","true","true","","false","false","","false","false","","false","false","","1","","0","0","0","false","false","false","false","false","","","0","0","0","","false","48cd6be3686e45820a1e9cc307b646cfd0480ce84b64c5f6fd18afe1f29da432","1"
"eclipse/eclipse-collections","94a8f433bd920565f2fa1a57524f61576a898104","1490997600","1.12","1.8","1.8","org.eclipse.collections.impl.jmh.GroupBySetTest","groupBy_10000_keys_serial_lazy_scala","","","","","","","BOTH_UNSET","BOTH_UNSET","BOTH_UNSET","","","","","","","BOTH_UNSET","BOTH_UNSET","BOTH_UNSET","","","","","","","true","true","","false","false","","false","false","","false","false","","1","","0","0","0","false","false","false","false","false","","","0","0","0","","false","3cb6d893b15e5ae0fb850d476f01d51df04997214f52fe2b6ec5311bf658f6ca","1"
"eclipse/eclipse-collections","94a8f433bd920565f2fa1a57524f61576a898104","1490997600","1.12","1.8","1.8","org.eclipse.collections.impl.jmh.GroupBySetTest","groupBy_2_keys_parallel_lazy_scala","","","","","","","BOTH_UNSET","BOTH_UNSET","BOTH_UNSET","","","","","","","BOTH_UNSET","BOTH_UNSET","BOTH_UNSET","","","","","","","true","true","","false","false","","false","false","","false","false","","1","","0","0","0","false","false","false","false","false","","","0","0","0","","false","d591dcef8c09feffa832700330cef35e43d3ab18ffd0e29aeadf2509f271f3e6","1"
"eclipse/eclipse-collections","94a8f433bd920565f2fa1a57524f61576a898104","1490997600","1.12","1.8","1.8","org.eclipse.collections.impl.jmh.GroupBySetTest","groupBy_100_keys_parallel_lazy_scala","","","","","","","BOTH_UNSET","BOTH_UNSET","BOTH_UNSET","","","","","","","BOTH_UNSET","BOTH_UNSET","BOTH_UNSET","","","","","","","true","true","","false","false","","false","false","","false","false","","1","","0","0","0","false","false","false","false","false","","","0","0","0","","false","cc105ebc98049a0d20ce2408cbbc0f382031f1464bc226d378a0c83790550e67","1"
"eclipse/eclipse-collections","94a8f433bd920565f2fa1a57524f61576a898104","1490997600","1.12","1.8","1.8","org.eclipse.collections.impl.jmh.GroupBySetTest","groupBy_10000_keys_parallel_lazy_scala","","","","","","","BOTH_UNSET","BOTH_UNSET","BOTH_UNSET","","","","","","","BOTH_UNSET","BOTH_UNSET","BOTH_UNSET","","","","","","","true","true","","false","false","","false","false","","false","false","","1","","0","0","0","false","false","false","false","false","","","0","0","0","","false","fc7f44a3e8df3f9cb76b105f6b63ce0aa65887cea778ce42921ee435b651e787","1"
"eclipse/eclipse-collections","94a8f433bd920565f2fa1a57524f61576a898104","1490997600","1.12","1.8","1.8","org.eclipse.collections.impl.jmh.RejectTest","serial_lazy_jdk_lambda_not","","","","","","","BOTH_UNSET","BOTH_UNSET","BOTH_UNSET","","","","","","","BOTH_UNSET","BOTH_UNSET","BOTH_UNSET","","","","","","","true","true","","false","false","","false","false","","false","false","","1","","0","0","0","false","false","false","false","false","","","0","0","0","","false","fb194902acc05b9932fe93b588ee14dfbb2eae1192f27b514a47f8a1866b1d27","2"
"eclipse/eclipse-collections","94a8f433bd920565f2fa1a57524f61576a898104","1490997600","1.12","1.8","1.8","org.eclipse.collections.impl.jmh.RejectTest","serial_lazy_streams_ec_lambda_not","","","","","","","BOTH_UNSET","BOTH_UNSET","BOTH_UNSET","","","","","","","BOTH_UNSET","BOTH_UNSET","BOTH_UNSET","","","","","","","true","true","","false","false","","false","false","","false","false","","1","","0","0","0","false","false","false","false","false","","","0","0","0","","false","b57e37a4e286d7b5ef1f9dc278883b74e071d11897fa8807dfcd03c4102305da","2"
"eclipse/eclipse-collections","94a8f433bd920565f2fa1a57524f61576a898104","1490997600","1.12","1.8","1.8","org.eclipse.collections.impl.jmh.RejectTest","serial_lazy_jdk_lambda_negate","","","","","","","BOTH_UNSET","BOTH_UNSET","BOTH_UNSET","","","","","","","BOTH_UNSET","BOTH_UNSET","BOTH_UNSET","","","","","","","true","true","","false","false","","false","false","","false","false","","1","","0","0","0","false","false","false","false","false","","","0","0","0","","false","9421f6cee89016a8f0420c4314b215cf377cbd10a6cbf2ca4245ed34a33af797","4"
"eclipse/eclipse-collections","94a8f433bd920565f2fa1a57524f61576a898104","1490997600","1.12","1.8","1.8","org.eclipse.collections.impl.jmh.RejectTest","serial_lazy_streams_ec_lambda_negate","","","","","","","BOTH_UNSET","BOTH_UNSET","BOTH_UNSET","","","","","","","BOTH_UNSET","BOTH_UNSET","BOTH_UNSET","","","","","","","true","true","","false","false","","false","false","","false","false","","1","","0","0","0","false","false","false","false","false","","","0","0","0","","false","2748632c1763bf632031aa26ae1894989e45431a301cace3a47bef76f0460c41","4"
"eclipse/eclipse-collections","94a8f433bd920565f2fa1a57524f61576a898104","1490997600","1.12","1.8","1.8","org.eclipse.collections.impl.jmh.RejectTest","serial_eager_ec_select_predicates_not","","","","","","","BOTH_UNSET","BOTH_UNSET","BOTH_UNSET","","","","","","","BOTH_UNSET","BOTH_UNSET","BOTH_UNSET","","","","","","","true","true","","false","false","","false","false","","false","false","","1","","0","0","0","false","false","false","false","false","","","0","0","0","","false","d66bffe19a53580bc0fbc4b6f48e42d74b1b53cfab008c5efe707c2b768e7388","2"
"eclipse/eclipse-collections","94a8f433bd920565f2fa1a57524f61576a898104","1490997600","1.12","1.8","1.8","org.eclipse.collections.impl.jmh.RejectTest","serial_eager_ec","","","","","","","BOTH_UNSET","BOTH_UNSET","BOTH_UNSET","","","","","","","BOTH_UNSET","BOTH_UNSET","BOTH_UNSET","","","","","","","true","true","","false","false","","false","false","","false","false","","1","","0","0","0","false","false","false","false","false","","","0","0","0","","false","efa5dbd218633b9d8ad9e9410894f0c38f21964f55a3e5ef2a295dc071003775","2"
"eclipse/eclipse-collections","94a8f433bd920565f2fa1a57524f61576a898104","1490997600","1.12","1.8","1.8","org.eclipse.collections.impl.jmh.RejectTest","serial_lazy_ec","","","","","","","BOTH_UNSET","BOTH_UNSET","BOTH_UNSET","","","","","","","BOTH_UNSET","BOTH_UNSET","BOTH_UNSET","","","","","","","true","true","","false","false","","false","false","","false","false","","1","","0","0","0","false","false","false","false","false","","","0","0","0","","false","6bdfbe6f22d3da8bed7aac07455ba36bb375910e4b085848aef00b42b2dbf0d1","2"
"eclipse/eclipse-collections","94a8f433bd920565f2fa1a57524f61576a898104","1490997600","1.12","1.8","1.8","org.eclipse.collections.impl.jmh.AnagramListTest","serial_eager_ec","","","","","","","BOTH_UNSET","BOTH_UNSET","BOTH_UNSET","","","","","","","BOTH_UNSET","BOTH_UNSET","BOTH_UNSET","","","","","","","true","true","","false","false","","false","false","","false","false","","1","","0","0","0","false","false","false","false","false","","","0","0","0","","false","6785d230833054a945c0192cb9acd4144980d1b14414e28aaee925393e293ea4","2"
"eclipse/eclipse-collections","94a8f433bd920565f2fa1a57524f61576a898104","1490997600","1.12","1.8","1.8","org.eclipse.collections.impl.jmh.AnagramListTest","parallel_eager_ec","","","","","","","BOTH_UNSET","BOTH_UNSET","BOTH_UNSET","","","","","","","BOTH_UNSET","BOTH_UNSET","BOTH_UNSET","","","","","","","true","true","","false","false","","false","false","","false","false","","1","","0","0","0","false","false","false","false","false","","","0","0","0","","false","0d51fa4479502a15c4390012abd0520e13fff649e454b8243712630b9f39011e","2"
"eclipse/eclipse-collections","94a8f433bd920565f2fa1a57524f61576a898104","1490997600","1.12","1.8","1.8","org.eclipse.collections.impl.jmh.AnagramListTest","parallel_eager_forkjoin_ec","","","","","","","BOTH_UNSET","BOTH_UNSET","BOTH_UNSET","","","","","","","BOTH_UNSET","BOTH_UNSET","BOTH_UNSET","","","","","","","true","true","","false","false","","false","false","","false","false","","1","","0","0","0","false","false","false","false","false","","","0","0","0","","false","7893f8358f8e14214f867aa70b316f68a566e118bcf52a2fa20454520113743f","2"
"eclipse/eclipse-collections","94a8f433bd920565f2fa1a57524f61576a898104","1490997600","1.12","1.8","1.8","org.eclipse.collections.impl.jmh.AnagramListTest","serial_lazy_jdk","","","","","","","BOTH_UNSET","BOTH_UNSET","BOTH_UNSET","","","","","","","BOTH_UNSET","BOTH_UNSET","BOTH_UNSET","","","","","","","true","true","","false","false","","false","false","","false","false","","1","","0","0","0","false","false","false","false","false","","","0","0","0","","false","c473e72631ea6bfa807d9e944717f9318e0479b763dfe6b90d2f8882154adccd","2"
"eclipse/eclipse-collections","94a8f433bd920565f2fa1a57524f61576a898104","1490997600","1.12","1.8","1.8","org.eclipse.collections.impl.jmh.AnagramListTest","serial_lazy_streams_ec","","","","","","","BOTH_UNSET","BOTH_UNSET","BOTH_UNSET","","","","","","","BOTH_UNSET","BOTH_UNSET","BOTH_UNSET","","","","","","","true","true","","false","false","","false","false","","false","false","","1","","0","0","0","false","false","false","false","false","","","0","0","0","","false","eb0ee2192e66e3988133d3b279d7cdc2c037bc219dce90eed503510981b93616","2"
"eclipse/eclipse-collections","94a8f433bd920565f2fa1a57524f61576a898104","1490997600","1.12","1.8","1.8","org.eclipse.collections.impl.jmh.AnagramListTest","parallel_lazy_jdk","","","","","","","BOTH_UNSET","BOTH_UNSET","BOTH_UNSET","","","","","","","BOTH_UNSET","BOTH_UNSET","BOTH_UNSET","","","","","","","true","true","","false","false","","false","false","","false","false","","1","","0","0","0","false","false","false","false","false","","","0","0","0","","false","6a779da7065a750fb2244d308caced9abcb9b24a6ecf4c6f819c55b484e8d4c5","2"
"eclipse/eclipse-collections","94a8f433bd920565f2fa1a57524f61576a898104","1490997600","1.12","1.8","1.8","org.eclipse.collections.impl.jmh.AnagramListTest","parallel_lazy_streams_ec","","","","","","","BOTH_UNSET","BOTH_UNSET","BOTH_UNSET","","","","","","","BOTH_UNSET","BOTH_UNSET","BOTH_UNSET","","","","","","","true","true","","false","false","","false","false","","false","false","","1","","0","0","0","false","false","false","false","false","","","0","0","0","","false","eaed2347455de9dd23c90dd645867c10dc008ff9ef35130e7913a01a6ba76036","2"
"eclipse/eclipse-collections","94a8f433bd920565f2fa1a57524f61576a898104","1490997600","1.12","1.8","1.8","org.eclipse.collections.impl.jmh.FunctionalInterfaceSetTest","serial_lazy_jdk","20","","20","","","","BOTH_UNSET","BOTH_UNSET","BOTH_UNSET","10","","10","","","","BOTH_UNSET","BOTH_UNSET","BOTH_UNSET","","","","","","","true","true","","false","false","","false","false","","false","false","","4","","0","0","0","false","false","false","false","false","megamorphicWarmupLevel=org.eclipse.collections.impl.jmh.FunctionalInterfaceSetTest","megamorphicWarmupLevel=0&megamorphicWarmupLevel=1&megamorphicWarmupLevel=2&megamorphicWarmupLevel=3","1","1","0","java.util.Set<java.lang.Integer>","false","e3b0c44298fc1c149afbf4c8996fb92427ae41e4649b934ca495991b7852b855","1"
"eclipse/eclipse-collections","94a8f433bd920565f2fa1a57524f61576a898104","1490997600","1.12","1.8","1.8","org.eclipse.collections.impl.jmh.FunctionalInterfaceSetTest","parallel_lazy_jdk","50","","50","","","","BOTH_UNSET","BOTH_UNSET","BOTH_UNSET","25","","25","","","","BOTH_UNSET","BOTH_UNSET","BOTH_UNSET","","","","","","","true","true","","false","false","","false","false","","false","false","","4","","0","0","0","false","false","false","false","false","megamorphicWarmupLevel=org.eclipse.collections.impl.jmh.FunctionalInterfaceSetTest","megamorphicWarmupLevel=0&megamorphicWarmupLevel=1&megamorphicWarmupLevel=2&megamorphicWarmupLevel=3","1","1","0","java.util.Set<java.lang.Integer>","false","e3b0c44298fc1c149afbf4c8996fb92427ae41e4649b934ca495991b7852b855","1"
"eclipse/eclipse-collections","94a8f433bd920565f2fa1a57524f61576a898104","1490997600","1.12","1.8","1.8","org.eclipse.collections.impl.jmh.FunctionalInterfaceSetTest","serial_eager_ec","20","","20","","","","BOTH_UNSET","BOTH_UNSET","BOTH_UNSET","10","","10","","","","BOTH_UNSET","BOTH_UNSET","BOTH_UNSET","","","","","","","true","true","","false","false","","false","false","","false","false","","4","","0","0","0","false","false","false","false","false","megamorphicWarmupLevel=org.eclipse.collections.impl.jmh.FunctionalInterfaceSetTest","megamorphicWarmupLevel=0&megamorphicWarmupLevel=1&megamorphicWarmupLevel=2&megamorphicWarmupLevel=3","1","1","0","org.eclipse.collections.api.set.MutableSet<java.lang.Integer>","false","e3b0c44298fc1c149afbf4c8996fb92427ae41e4649b934ca495991b7852b855","1"
"eclipse/eclipse-collections","94a8f433bd920565f2fa1a57524f61576a898104","1490997600","1.12","1.8","1.8","org.eclipse.collections.impl.jmh.FunctionalInterfaceSetTest","serial_lazy_ec","20","","20","","","","BOTH_UNSET","BOTH_UNSET","BOTH_UNSET","10","","10","","","","BOTH_UNSET","BOTH_UNSET","BOTH_UNSET","","","","","","","true","true","","false","false","","false","false","","false","false","","4","","0","0","0","false","false","false","false","false","megamorphicWarmupLevel=org.eclipse.collections.impl.jmh.FunctionalInterfaceSetTest","megamorphicWarmupLevel=0&megamorphicWarmupLevel=1&megamorphicWarmupLevel=2&megamorphicWarmupLevel=3","1","1","0","org.eclipse.collections.api.set.MutableSet<java.lang.Integer>","false","e3b0c44298fc1c149afbf4c8996fb92427ae41e4649b934ca495991b7852b855","1"
"eclipse/eclipse-collections","94a8f433bd920565f2fa1a57524f61576a898104","1490997600","1.12","1.8","1.8","org.eclipse.collections.impl.jmh.FunctionalInterfaceSetTest","parallel_lazy_ec","50","","50","","","","BOTH_UNSET","BOTH_UNSET","BOTH_UNSET","25","","25","","","","BOTH_UNSET","BOTH_UNSET","BOTH_UNSET","","","","","","","true","true","","false","false","","false","false","","false","false","","4","","0","0","0","false","false","false","false","false","megamorphicWarmupLevel=org.eclipse.collections.impl.jmh.FunctionalInterfaceSetTest","megamorphicWarmupLevel=0&megamorphicWarmupLevel=1&megamorphicWarmupLevel=2&megamorphicWarmupLevel=3","1","1","0","org.eclipse.collections.api.set.MutableSet<java.lang.Integer>","false","e3b0c44298fc1c149afbf4c8996fb92427ae41e4649b934ca495991b7852b855","1"
"eclipse/eclipse-collections","94a8f433bd920565f2fa1a57524f61576a898104","1490997600","1.12","1.8","1.8","org.eclipse.collections.impl.jmh.MinByIntTest","minByQuantity_serial_lazy_direct_methodref_jdk","","","","","","","BOTH_UNSET","BOTH_UNSET","BOTH_UNSET","","","","","","","BOTH_UNSET","BOTH_UNSET","BOTH_UNSET","","","","","","","true","true","","false","false","","false","false","","false","false","","1","","0","0","0","false","false","false","false","false","","","0","0","0","org.eclipse.collections.impl.jmh.domain.Position","false","900bcbc50966f35986e85fd08e87d1d64eb4a6ea79add6cf88f8a44737f6d28f","1"
"eclipse/eclipse-collections","94a8f433bd920565f2fa1a57524f61576a898104","1490997600","1.12","1.8","1.8","org.eclipse.collections.impl.jmh.MinByIntTest","minByQuantity_serial_lazy_direct_lambda_jdk","","","","","","","BOTH_UNSET","BOTH_UNSET","BOTH_UNSET","","","","","","","BOTH_UNSET","BOTH_UNSET","BOTH_UNSET","","","","","","","true","true","","false","false","","false","false","","false","false","","1","","0","0","0","false","false","false","false","false","","","0","0","0","org.eclipse.collections.impl.jmh.domain.Position","false","482ed8e70116ad30054aadf0b93fcb44085d68201a1d360f9b35b978a81df6c9","1"
"eclipse/eclipse-collections","94a8f433bd920565f2fa1a57524f61576a898104","1490997600","1.12","1.8","1.8","org.eclipse.collections.impl.jmh.MinByIntTest","minByQuantity_serial_lazy_collect_methodref_jdk","","","","","","","BOTH_UNSET","BOTH_UNSET","BOTH_UNSET","","","","","","","BOTH_UNSET","BOTH_UNSET","BOTH_UNSET","","","","","","","true","true","","false","false","","false","false","","false","false","","1","","0","0","0","false","false","false","false","false","","","0","0","0","org.eclipse.collections.impl.jmh.domain.Position","false","0def493e16915e92231a147e0dd09822a8cfc50cc38a1e62963e9870df5939d1","1"
"eclipse/eclipse-collections","94a8f433bd920565f2fa1a57524f61576a898104","1490997600","1.12","1.8","1.8","org.eclipse.collections.impl.jmh.MinByIntTest","minByQuantity_serial_lazy_collect_lambda_jdk","","","","","","","BOTH_UNSET","BOTH_UNSET","BOTH_UNSET","","","","","","","BOTH_UNSET","BOTH_UNSET","BOTH_UNSET","","","","","","","true","true","","false","false","","false","false","","false","false","","1","","0","0","0","false","false","false","false","false","","","0","0","0","org.eclipse.collections.impl.jmh.domain.Position","false","d5dd68bfb6aaf6bc2eb3b4dca2eb00658d48c7a3a551c081f96c99aef1cdb0c4","1"
"eclipse/eclipse-collections","94a8f433bd920565f2fa1a57524f61576a898104","1490997600","1.12","1.8","1.8","org.eclipse.collections.impl.jmh.MinByIntTest","minByQuantity_parallel_lazy_direct_methodref_jdk","","","","","","","BOTH_UNSET","BOTH_UNSET","BOTH_UNSET","","","","","","","BOTH_UNSET","BOTH_UNSET","BOTH_UNSET","","","","","","","true","true","","false","false","","false","false","","false","false","","1","","0","0","0","false","false","false","false","false","","","0","0","0","org.eclipse.collections.impl.jmh.domain.Position","false","a563d409dfadf7d9d2f13b69faa89b6b78551d2d77c62cf7107db2339892317c","1"
"eclipse/eclipse-collections","94a8f433bd920565f2fa1a57524f61576a898104","1490997600","1.12","1.8","1.8","org.eclipse.collections.impl.jmh.MinByIntTest","minByQuantity_parallel_lazy_direct_lambda_jdk","","","","","","","BOTH_UNSET","BOTH_UNSET","BOTH_UNSET","","","","","","","BOTH_UNSET","BOTH_UNSET","BOTH_UNSET","","","","","","","true","true","","false","false","","false","false","","false","false","","1","","0","0","0","false","false","false","false","false","","","0","0","0","org.eclipse.collections.impl.jmh.domain.Position","false","a48efa30cdd4185a96ee67b1752eb07cd86dc58bd35b8e81b6d8637bbd8123d8","1"
"eclipse/eclipse-collections","94a8f433bd920565f2fa1a57524f61576a898104","1490997600","1.12","1.8","1.8","org.eclipse.collections.impl.jmh.MinByIntTest","minByQuantity_parallel_lazy_collect_methodref_jdk","","","","","","","BOTH_UNSET","BOTH_UNSET","BOTH_UNSET","","","","","","","BOTH_UNSET","BOTH_UNSET","BOTH_UNSET","","","","","","","true","true","","false","false","","false","false","","false","false","","1","","0","0","0","false","false","false","false","false","","","0","0","0","org.eclipse.collections.impl.jmh.domain.Position","false","3f3743614dc96c0f7017eb890403a2c6c4ac8172c0edc0ac86be13d3befd3f8b","1"
"eclipse/eclipse-collections","94a8f433bd920565f2fa1a57524f61576a898104","1490997600","1.12","1.8","1.8","org.eclipse.collections.impl.jmh.MinByIntTest","minByQuantity_parallel_lazy_collect_lambda_jdk","","","","","","","BOTH_UNSET","BOTH_UNSET","BOTH_UNSET","","","","","","","BOTH_UNSET","BOTH_UNSET","BOTH_UNSET","","","","","","","true","true","","false","false","","false","false","","false","false","","1","","0","0","0","false","false","false","false","false","","","0","0","0","org.eclipse.collections.impl.jmh.domain.Position","false","b5393dfc0a7a71b5706bd43d8ba679b46da4c4e05c12f6f688986e277c8d7b2e","1"
"eclipse/eclipse-collections","94a8f433bd920565f2fa1a57524f61576a898104","1490997600","1.12","1.8","1.8","org.eclipse.collections.impl.jmh.MinByIntTest","minByQuantity_serial_eager_ec","","","","","","","BOTH_UNSET","BOTH_UNSET","BOTH_UNSET","","","","","","","BOTH_UNSET","BOTH_UNSET","BOTH_UNSET","","","","","","","true","true","","false","false","","false","false","","false","false","","1","","0","0","0","false","false","false","false","false","","","0","0","0","org.eclipse.collections.impl.jmh.domain.Position","false","329fd54c7cc6859032ec4f2d91733c59d1fc7fd1715c9d0a8f2e324eafcc3ebe","1"
"eclipse/eclipse-collections","94a8f433bd920565f2fa1a57524f61576a898104","1490997600","1.12","1.8","1.8","org.eclipse.collections.impl.jmh.MinByIntTest","minByQuantity_serial_lazy_ec","","","","","","","BOTH_UNSET","BOTH_UNSET","BOTH_UNSET","","","","","","","BOTH_UNSET","BOTH_UNSET","BOTH_UNSET","","","","","","","true","true","","false","false","","false","false","","false","false","","1","","0","0","0","false","false","false","false","false","","","0","0","0","org.eclipse.collections.impl.jmh.domain.Position","false","4bd2d2d39ea019685e8a76c33819bbf6298856f7e95e5c23bf5d3a62d21d3307","1"
"eclipse/eclipse-collections","94a8f433bd920565f2fa1a57524f61576a898104","1490997600","1.12","1.8","1.8","org.eclipse.collections.impl.jmh.MinByIntTest","minByQuantity_parallel_lazy_ec","","","","","","","BOTH_UNSET","BOTH_UNSET","BOTH_UNSET","","","","","","","BOTH_UNSET","BOTH_UNSET","BOTH_UNSET","","","","","","","true","true","","false","false","","false","false","","false","false","","1","","0","0","0","false","false","false","false","false","","","0","0","0","org.eclipse.collections.impl.jmh.domain.Position","false","38416fe4ff743142018fd9acf91d7c7f09cceb57ad779353e471bfb960ad05b0","1"
"eclipse/eclipse-collections","94a8f433bd920565f2fa1a57524f61576a898104","1490997600","1.12","1.8","1.8","org.eclipse.collections.impl.jmh.NoneSatisfyTest","short_circuit_middle_serial_lazy_jdk","","","","","","","BOTH_UNSET","BOTH_UNSET","BOTH_UNSET","","","","","","","BOTH_UNSET","BOTH_UNSET","BOTH_UNSET","","","","","","","true","true","","false","false","","false","false","","false","false","","1","","0","0","0","false","false","false","false","false","","","0","0","0","","false","f381b49b98639db8a5995f97dcb93561297ed33961e2a8c5f67793eb307ac453","1"
"eclipse/eclipse-collections","94a8f433bd920565f2fa1a57524f61576a898104","1490997600","1.12","1.8","1.8","org.eclipse.collections.impl.jmh.NoneSatisfyTest","short_circuit_middle_serial_lazy_streams_ec","","","","","","","BOTH_UNSET","BOTH_UNSET","BOTH_UNSET","","","","","","","BOTH_UNSET","BOTH_UNSET","BOTH_UNSET","","","","","","","true","true","","false","false","","false","false","","false","false","","1","","0","0","0","false","false","false","false","false","","","0","0","0","","false","e4aa4a06c074d43883b43edcffa4d29c0e1f21982adfd9d80cb045f94987a375","1"
"eclipse/eclipse-collections","94a8f433bd920565f2fa1a57524f61576a898104","1490997600","1.12","1.8","1.8","org.eclipse.collections.impl.jmh.NoneSatisfyTest","process_none_serial_lazy_jdk","","","","","","","BOTH_UNSET","BOTH_UNSET","BOTH_UNSET","","","","","","","BOTH_UNSET","BOTH_UNSET","BOTH_UNSET","","","","","","","true","true","","false","false","","false","false","","false","false","","1","","0","0","0","false","false","false","false","false","","","0","0","0","","false","e89720a3fe99f7a0215ab3b937d2baf20b4910989b6ffbcb90cfa089f08720c6","1"
"eclipse/eclipse-collections","94a8f433bd920565f2fa1a57524f61576a898104","1490997600","1.12","1.8","1.8","org.eclipse.collections.impl.jmh.NoneSatisfyTest","process_none_serial_lazy_streams_ec","","","","","","","BOTH_UNSET","BOTH_UNSET","BOTH_UNSET","","","","","","","BOTH_UNSET","BOTH_UNSET","BOTH_UNSET","","","","","","","true","true","","false","false","","false","false","","false","false","","1","","0","0","0","false","false","false","false","false","","","0","0","0","","false","4070c011e7dfb2de420835e0006a6931981c2e2c0f99d1d3c93b82985ccf0989","1"
"eclipse/eclipse-collections","94a8f433bd920565f2fa1a57524f61576a898104","1490997600","1.12","1.8","1.8","org.eclipse.collections.impl.jmh.NoneSatisfyTest","short_circuit_middle_serial_eager_ec","","","","","","","BOTH_UNSET","BOTH_UNSET","BOTH_UNSET","","","","","","","BOTH_UNSET","BOTH_UNSET","BOTH_UNSET","","","","","","","true","true","","false","false","","false","false","","false","false","","1","","0","0","0","false","false","false","false","false","","","0","0","0","","false","13d46b1084ba1c9434996c0100cc02c57bb08a75fe6e8bbd75ce484263e7e0b3","1"
"eclipse/eclipse-collections","94a8f433bd920565f2fa1a57524f61576a898104","1490997600","1.12","1.8","1.8","org.eclipse.collections.impl.jmh.NoneSatisfyTest","process_none_serial_eager_ec","","","","","","","BOTH_UNSET","BOTH_UNSET","BOTH_UNSET","","","","","","","BOTH_UNSET","BOTH_UNSET","BOTH_UNSET","","","","","","","true","true","","false","false","","false","false","","false","false","","1","","0","0","0","false","false","false","false","false","","","0","0","0","","false","2b7edd4fbbf717863f84dc80542642af82d1c65753bd239c392cfc8bb9ff266d","1"
"eclipse/eclipse-collections","94a8f433bd920565f2fa1a57524f61576a898104","1490997600","1.12","1.8","1.8","org.eclipse.collections.impl.jmh.NoneSatisfyTest","short_circuit_middle_serial_lazy_ec","","","","","","","BOTH_UNSET","BOTH_UNSET","BOTH_UNSET","","","","","","","BOTH_UNSET","BOTH_UNSET","BOTH_UNSET","","","","","","","true","true","","false","false","","false","false","","false","false","","1","","0","0","0","false","false","false","false","false","","","0","0","0","","false","cf155079305420cba2b55238175595cbdbc4f185de7cd535441e904c5cab3eeb","1"
"eclipse/eclipse-collections","94a8f433bd920565f2fa1a57524f61576a898104","1490997600","1.12","1.8","1.8","org.eclipse.collections.impl.jmh.NoneSatisfyTest","process_none_serial_lazy_ec","","","","","","","BOTH_UNSET","BOTH_UNSET","BOTH_UNSET","","","","","","","BOTH_UNSET","BOTH_UNSET","BOTH_UNSET","","","","","","","true","true","","false","false","","false","false","","false","false","","1","","0","0","0","false","false","false","false","false","","","0","0","0","","false","7bd374e743c5266736170c60a85fa40e7140dea351e4c6de3e99e0252623c775","1"
"eclipse/eclipse-collections","94a8f433bd920565f2fa1a57524f61576a898104","1490997600","1.12","1.8","1.8","org.eclipse.collections.impl.jmh.NoneSatisfyTest","short_circuit_middle_parallel_lazy_jdk","","","","","","","BOTH_UNSET","BOTH_UNSET","BOTH_UNSET","","","","","","","BOTH_UNSET","BOTH_UNSET","BOTH_UNSET","","","","","","","true","true","","false","false","","false","false","","false","false","","1","","0","0","0","false","false","false","false","false","","","0","0","0","","false","36fb0c65264babd8d2f8e89a0474291192dfc866342d08e21153fa6f69bdeae9","1"
"eclipse/eclipse-collections","94a8f433bd920565f2fa1a57524f61576a898104","1490997600","1.12","1.8","1.8","org.eclipse.collections.impl.jmh.NoneSatisfyTest","process_all_parallel_lazy_jdk","","","","","","","BOTH_UNSET","BOTH_UNSET","BOTH_UNSET","","","","","","","BOTH_UNSET","BOTH_UNSET","BOTH_UNSET","","","","","","","true","true","","false","false","","false","false","","false","false","","1","","0","0","0","false","false","false","false","false","","","0","0","0","","false","ae1eb0bfeac64a92dc330064c654916c5122e85cadcab0638d8ad0db19228ed9","1"
"eclipse/eclipse-collections","94a8f433bd920565f2fa1a57524f61576a898104","1490997600","1.12","1.8","1.8","org.eclipse.collections.impl.jmh.NoneSatisfyTest","short_circuit_middle_parallel_lazy_ec","","","","","","","BOTH_UNSET","BOTH_UNSET","BOTH_UNSET","","","","","","","BOTH_UNSET","BOTH_UNSET","BOTH_UNSET","","","","","","","true","true","","false","false","","false","false","","false","false","","1","","0","0","0","false","false","false","false","false","","","0","0","0","","false","da515dc764f6e9291384f0af91c68143080bc222386fc11de530f6632eb4f8f5","1"
"eclipse/eclipse-collections","94a8f433bd920565f2fa1a57524f61576a898104","1490997600","1.12","1.8","1.8","org.eclipse.collections.impl.jmh.NoneSatisfyTest","process_all_parallel_lazy_ec","","","","","","","BOTH_UNSET","BOTH_UNSET","BOTH_UNSET","","","","","","","BOTH_UNSET","BOTH_UNSET","BOTH_UNSET","","","","","","","true","true","","false","false","","false","false","","false","false","","1","","0","0","0","false","false","false","false","false","","","0","0","0","","false","840cd5065010396ab8057c4eedc779a96965483077b291a7add40bfb5f65243b","1"
"eclipse/eclipse-collections","94a8f433bd920565f2fa1a57524f61576a898104","1490997600","1.12","1.8","1.8","org.eclipse.collections.impl.jmh.ListAddAllTest","jdk","","","","","","","BOTH_UNSET","BOTH_UNSET","BOTH_UNSET","","","","","","","BOTH_UNSET","BOTH_UNSET","BOTH_UNSET","","","","","","","true","true","","false","false","","false","false","","false","false","","1","","0","0","0","false","false","false","false","false","","","0","0","0","","false","e3b0c44298fc1c149afbf4c8996fb92427ae41e4649b934ca495991b7852b855","1"
"eclipse/eclipse-collections","94a8f433bd920565f2fa1a57524f61576a898104","1490997600","1.12","1.8","1.8","org.eclipse.collections.impl.jmh.ListAddAllTest","ec","","","","","","","BOTH_UNSET","BOTH_UNSET","BOTH_UNSET","","","","","","","BOTH_UNSET","BOTH_UNSET","BOTH_UNSET","","","","","","","true","true","","false","false","","false","false","","false","false","","1","","0","0","0","false","false","false","false","false","","","0","0","0","","false","e3b0c44298fc1c149afbf4c8996fb92427ae41e4649b934ca495991b7852b855","1"
"eclipse/eclipse-collections","94a8f433bd920565f2fa1a57524f61576a898104","1490997600","1.12","1.8","1.8","org.eclipse.collections.impl.jmh.map.EcMutableMapGetTest","get","","","","","","","BOTH_UNSET","BOTH_UNSET","BOTH_UNSET","","","","","","","BOTH_UNSET","BOTH_UNSET","BOTH_UNSET","","","","","","","true","true","","false","false","","false","false","","false","false","","40","","0","0","0","false","false","false","false","false","size=org.eclipse.collections.impl.jmh.map.EcMutableMapGetTest","size=250000&size=500000&size=750000&size=1000000&size=1250000&size=1500000&size=1750000&size=2000000&size=2250000&size=2500000&size=2750000&size=3000000&size=3250000&size=3500000&size=3750000&size=4000000&size=4250000&size=4500000&size=4750000&size=5000000&size=5250000&size=5500000&size=5750000&size=6000000&size=6250000&size=6500000&size=6750000&size=7000000&size=7250000&size=7500000&size=7750000&size=8000000&size=8250000&size=8500000&size=8750000&size=9000000&size=9250000&size=9500000&size=9750000&size=10000000","1","1","0","","false","77d0e2dbf4355556d73697bf4320fe068431eafed08c19be25a4f7e4174a0d13","8"
"eclipse/eclipse-collections","94a8f433bd920565f2fa1a57524f61576a898104","1490997600","1.12","1.8","1.8","org.eclipse.collections.impl.jmh.map.KolobokeMutableMapGetTest","get","","","","","","","BOTH_UNSET","BOTH_UNSET","BOTH_UNSET","","","","","","","BOTH_UNSET","BOTH_UNSET","BOTH_UNSET","","","","","","","true","true","","false","false","","false","false","","false","false","","40","","0","0","0","false","false","false","false","false","size=org.eclipse.collections.impl.jmh.map.KolobokeMutableMapGetTest","size=250000&size=500000&size=750000&size=1000000&size=1250000&size=1500000&size=1750000&size=2000000&size=2250000&size=2500000&size=2750000&size=3000000&size=3250000&size=3500000&size=3750000&size=4000000&size=4250000&size=4500000&size=4750000&size=5000000&size=5250000&size=5500000&size=5750000&size=6000000&size=6250000&size=6500000&size=6750000&size=7000000&size=7250000&size=7500000&size=7750000&size=8000000&size=8250000&size=8500000&size=8750000&size=9000000&size=9250000&size=9500000&size=9750000&size=10000000","1","1","0","","false","6a7968d6f1e50782774c69561821332cd13081c7cc02dfa37df76a1c5f46d596","8"
"eclipse/eclipse-collections","94a8f433bd920565f2fa1a57524f61576a898104","1490997600","1.12","1.8","1.8","org.eclipse.collections.impl.jmh.map.ScalaAnyRefMapGetTest","get","","","","","","","BOTH_UNSET","BOTH_UNSET","BOTH_UNSET","","","","","","","BOTH_UNSET","BOTH_UNSET","BOTH_UNSET","","","","","","","true","true","","false","false","","false","false","","false","false","","40","","0","0","0","false","false","false","false","false","size=org.eclipse.collections.impl.jmh.map.ScalaAnyRefMapGetTest","size=250000&size=500000&size=750000&size=1000000&size=1250000&size=1500000&size=1750000&size=2000000&size=2250000&size=2500000&size=2750000&size=3000000&size=3250000&size=3500000&size=3750000&size=4000000&size=4250000&size=4500000&size=4750000&size=5000000&size=5250000&size=5500000&size=5750000&size=6000000&size=6250000&size=6500000&size=6750000&size=7000000&size=7250000&size=7500000&size=7750000&size=8000000&size=8250000&size=8500000&size=8750000&size=9000000&size=9250000&size=9500000&size=9750000&size=10000000","1","1","0","","false","69ed70f7e23f18f53afd0355501e5fb983e69c725a04d6505f33fe6579b91ff8","8"
"eclipse/eclipse-collections","94a8f433bd920565f2fa1a57524f61576a898104","1490997600","1.12","1.8","1.8","org.eclipse.collections.impl.jmh.map.MapGrowthTest","mutableEcPut","","","","","","","BOTH_UNSET","BOTH_UNSET","BOTH_UNSET","","","","","","","BOTH_UNSET","BOTH_UNSET","BOTH_UNSET","","","","","","","true","true","","false","false","","false","false","","false","false","","40","","0","0","0","false","false","false","false","false","size=org.eclipse.collections.impl.jmh.map.MapGrowthTest","size=250000&size=500000&size=750000&size=1000000&size=1250000&size=1500000&size=1750000&size=2000000&size=2250000&size=2500000&size=2750000&size=3000000&size=3250000&size=3500000&size=3750000&size=4000000&size=4250000&size=4500000&size=4750000&size=5000000&size=5250000&size=5500000&size=5750000&size=6000000&size=6250000&size=6500000&size=6750000&size=7000000&size=7250000&size=7500000&size=7750000&size=8000000&size=8250000&size=8500000&size=8750000&size=9000000&size=9250000&size=9500000&size=9750000&size=10000000","1","1","0","org.eclipse.collections.api.map.MutableMap<java.lang.String,java.lang.String>","false","d5ada5ed0aefaa490a00d2a91f6fc12605b22997a8b547c0a90b5f0b9064a538","8"
"eclipse/eclipse-collections","94a8f433bd920565f2fa1a57524f61576a898104","1490997600","1.12","1.8","1.8","org.eclipse.collections.impl.jmh.map.MapGrowthTest","mutableScalaPut","","","","","","","BOTH_UNSET","BOTH_UNSET","BOTH_UNSET","","","","","","","BOTH_UNSET","BOTH_UNSET","BOTH_UNSET","","","","","","","true","true","","false","false","","false","false","","false","false","","40","","0","0","0","false","false","false","false","false","size=org.eclipse.collections.impl.jmh.map.MapGrowthTest","size=250000&size=500000&size=750000&size=1000000&size=1250000&size=1500000&size=1750000&size=2000000&size=2250000&size=2500000&size=2750000&size=3000000&size=3250000&size=3500000&size=3750000&size=4000000&size=4250000&size=4500000&size=4750000&size=5000000&size=5250000&size=5500000&size=5750000&size=6000000&size=6250000&size=6500000&size=6750000&size=7000000&size=7250000&size=7500000&size=7750000&size=8000000&size=8250000&size=8500000&size=8750000&size=9000000&size=9250000&size=9500000&size=9750000&size=10000000","1","1","0","scala","false","7725806c31f5d728e936fe9149d4b90a528908fc2d0be650bc81bd9f92b7bfa2","7"
"eclipse/eclipse-collections","94a8f433bd920565f2fa1a57524f61576a898104","1490997600","1.12","1.8","1.8","org.eclipse.collections.impl.jmh.map.MapGrowthTest","immutableScalaPut","","","","","","","BOTH_UNSET","BOTH_UNSET","BOTH_UNSET","","","","","","","BOTH_UNSET","BOTH_UNSET","BOTH_UNSET","","","","","","","true","true","","false","false","","false","false","","false","false","","40","","0","0","0","false","false","false","false","false","size=org.eclipse.collections.impl.jmh.map.MapGrowthTest","size=250000&size=500000&size=750000&size=1000000&size=1250000&size=1500000&size=1750000&size=2000000&size=2250000&size=2500000&size=2750000&size=3000000&size=3250000&size=3500000&size=3750000&size=4000000&size=4250000&size=4500000&size=4750000&size=5000000&size=5250000&size=5500000&size=5750000&size=6000000&size=6250000&size=6500000&size=6750000&size=7000000&size=7250000&size=7500000&size=7750000&size=8000000&size=8250000&size=8500000&size=8750000&size=9000000&size=9250000&size=9500000&size=9750000&size=10000000","1","1","0","scala","false","a27ede5f5f0352d7addac304f4c71d4c51c09f56e1283cd896cbb993b95494b5","7"
"eclipse/eclipse-collections","94a8f433bd920565f2fa1a57524f61576a898104","1490997600","1.12","1.8","1.8","org.eclipse.collections.impl.jmh.map.ScalaMutableMapGetTest","get","","","","","","","BOTH_UNSET","BOTH_UNSET","BOTH_UNSET","","","","","","","BOTH_UNSET","BOTH_UNSET","BOTH_UNSET","","","","","","","true","true","","false","false","","false","false","","false","false","","40","","0","0","0","false","false","false","false","false","size=org.eclipse.collections.impl.jmh.map.ScalaMutableMapGetTest","size=250000&size=500000&size=750000&size=1000000&size=1250000&size=1500000&size=1750000&size=2000000&size=2250000&size=2500000&size=2750000&size=3000000&size=3250000&size=3500000&size=3750000&size=4000000&size=4250000&size=4500000&size=4750000&size=5000000&size=5250000&size=5500000&size=5750000&size=6000000&size=6250000&size=6500000&size=6750000&size=7000000&size=7250000&size=7500000&size=7750000&size=8000000&size=8250000&size=8500000&size=8750000&size=9000000&size=9250000&size=9500000&size=9750000&size=10000000","1","1","0","","false","c14729e13c27a3160f272de778d9946510856cbe470e77cc1149c5604a914207","8"
"eclipse/eclipse-collections","94a8f433bd920565f2fa1a57524f61576a898104","1490997600","1.12","1.8","1.8","org.eclipse.collections.impl.jmh.map.HppcMutableMapGetTest","get","","","","","","","BOTH_UNSET","BOTH_UNSET","BOTH_UNSET","","","","","","","BOTH_UNSET","BOTH_UNSET","BOTH_UNSET","","","","","","","true","true","","false","false","","false","false","","false","false","","40","","0","0","0","false","false","false","false","false","size=org.eclipse.collections.impl.jmh.map.HppcMutableMapGetTest","size=250000&size=500000&size=750000&size=1000000&size=1250000&size=1500000&size=1750000&size=2000000&size=2250000&size=2500000&size=2750000&size=3000000&size=3250000&size=3500000&size=3750000&size=4000000&size=4250000&size=4500000&size=4750000&size=5000000&size=5250000&size=5500000&size=5750000&size=6000000&size=6250000&size=6500000&size=6750000&size=7000000&size=7250000&size=7500000&size=7750000&size=8000000&size=8250000&size=8500000&size=8750000&size=9000000&size=9250000&size=9500000&size=9750000&size=10000000","1","1","0","","false","fd29e979e1bad6afd67b3f9e801d9826e71786a2058db6caa95576b9df3155be","8"
"eclipse/eclipse-collections","94a8f433bd920565f2fa1a57524f61576a898104","1490997600","1.12","1.8","1.8","org.eclipse.collections.impl.jmh.map.TroveMutableMapGetTest","get","","","","","","","BOTH_UNSET","BOTH_UNSET","BOTH_UNSET","","","","","","","BOTH_UNSET","BOTH_UNSET","BOTH_UNSET","","","","","","","true","true","","false","false","","false","false","","false","false","","40","","0","0","0","false","false","false","false","false","size=org.eclipse.collections.impl.jmh.map.TroveMutableMapGetTest","size=250000&size=500000&size=750000&size=1000000&size=1250000&size=1500000&size=1750000&size=2000000&size=2250000&size=2500000&size=2750000&size=3000000&size=3250000&size=3500000&size=3750000&size=4000000&size=4250000&size=4500000&size=4750000&size=5000000&size=5250000&size=5500000&size=5750000&size=6000000&size=6250000&size=6500000&size=6750000&size=7000000&size=7250000&size=7500000&size=7750000&size=8000000&size=8250000&size=8500000&size=8750000&size=9000000&size=9250000&size=9500000&size=9750000&size=10000000","1","1","0","","false","fc2d2112bfd40f23909e5be61dac6a88e16e17973e68466a468df62642c19f9d","8"
"eclipse/eclipse-collections","94a8f433bd920565f2fa1a57524f61576a898104","1490997600","1.12","1.8","1.8","org.eclipse.collections.impl.jmh.map.KolobokeMapPutTest","koloboke","","","","","","","BOTH_UNSET","BOTH_UNSET","BOTH_UNSET","","","","","","","BOTH_UNSET","BOTH_UNSET","BOTH_UNSET","","","","","","","true","true","","false","false","","false","false","","false","false","","80","","0","0","0","false","false","false","false","false","size=org.eclipse.collections.impl.jmh.map.KolobokeMapPutTest&isPresized=org.eclipse.collections.impl.jmh.map.KolobokeMapPutTest&loadFactor=org.eclipse.collections.impl.jmh.map.KolobokeMapPutTest","size=250000&size=500000&size=750000&size=1000000&size=1250000&size=1500000&size=1750000&size=2000000&size=2250000&size=2500000&size=2750000&size=3000000&size=3250000&size=3500000&size=3750000&size=4000000&size=4250000&size=4500000&size=4750000&size=5000000&size=5250000&size=5500000&size=5750000&size=6000000&size=6250000&size=6500000&size=6750000&size=7000000&size=7250000&size=7500000&size=7750000&size=8000000&size=8250000&size=8500000&size=8750000&size=9000000&size=9250000&size=9500000&size=9750000&size=10000000&isPresized=true&isPresized=false&loadFactor=0.75","3","3","0","org.eclipse.collections.impl.jmh.map.ObjObjMap","false","c7e0970e0445709466e903496d7f11d6c8102f2dcfef97135b5779133e2ab2ab","7"
"eclipse/eclipse-collections","94a8f433bd920565f2fa1a57524f61576a898104","1490997600","1.12","1.8","1.8","org.eclipse.collections.impl.jmh.map.EcImmutableMapGetTest","get","","","","","","","BOTH_UNSET","BOTH_UNSET","BOTH_UNSET","","","","","","","BOTH_UNSET","BOTH_UNSET","BOTH_UNSET","","","","","","","true","true","","false","false","","false","false","","false","false","","40","","0","0","0","false","false","false","false","false","size=org.eclipse.collections.impl.jmh.map.EcImmutableMapGetTest","size=250000&size=500000&size=750000&size=1000000&size=1250000&size=1500000&size=1750000&size=2000000&size=2250000&size=2500000&size=2750000&size=3000000&size=3250000&size=3500000&size=3750000&size=4000000&size=4250000&size=4500000&size=4750000&size=5000000&size=5250000&size=5500000&size=5750000&size=6000000&size=6250000&size=6500000&size=6750000&size=7000000&size=7250000&size=7500000&size=7750000&size=8000000&size=8250000&size=8500000&size=8750000&size=9000000&size=9250000&size=9500000&size=9750000&size=10000000","1","1","0","","false","aea4d87ddd2a8271c71782347a12d83f42805d63b970bfca6b91ed145973a5a5","8"
"eclipse/eclipse-collections","94a8f433bd920565f2fa1a57524f61576a898104","1490997600","1.12","1.8","1.8","org.eclipse.collections.impl.jmh.map.ChainMapPutTest","ec","","","","","","","BOTH_UNSET","BOTH_UNSET","BOTH_UNSET","","","","","","","BOTH_UNSET","BOTH_UNSET","BOTH_UNSET","","","","","","","true","true","","false","false","","false","false","","false","false","","240","","0","0","0","false","false","false","false","false","size=org.eclipse.collections.impl.jmh.map.ChainMapPutTest&isPresized=org.eclipse.collections.impl.jmh.map.ChainMapPutTest&loadFactor=org.eclipse.collections.impl.jmh.map.ChainMapPutTest","size=250000&size=500000&size=750000&size=1000000&size=1250000&size=1500000&size=1750000&size=2000000&size=2250000&size=2500000&size=2750000&size=3000000&size=3250000&size=3500000&size=3750000&size=4000000&size=4250000&size=4500000&size=4750000&size=5000000&size=5250000&size=5500000&size=5750000&size=6000000&size=6250000&size=6500000&size=6750000&size=7000000&size=7250000&size=7500000&size=7750000&size=8000000&size=8250000&size=8500000&size=8750000&size=9000000&size=9250000&size=9500000&size=9750000&size=10000000&isPresized=true&isPresized=false&loadFactor=0.70f&loadFactor=0.75f&loadFactor=0.80f","3","3","0","org.eclipse.collections.api.map.MutableMap<java.lang.String,java.lang.String>","false","50669860414728b168bad541415a55afe8d86988b834b0ed19533e4beadc0f49","9"
"eclipse/eclipse-collections","94a8f433bd920565f2fa1a57524f61576a898104","1490997600","1.12","1.8","1.8","org.eclipse.collections.impl.jmh.map.ChainMapPutTest","hppc","","","","","","","BOTH_UNSET","BOTH_UNSET","BOTH_UNSET","","","","","","","BOTH_UNSET","BOTH_UNSET","BOTH_UNSET","","","","","","","true","true","","false","false","","false","false","","false","false","","240","","0","0","0","false","false","false","false","false","size=org.eclipse.collections.impl.jmh.map.ChainMapPutTest&isPresized=org.eclipse.collections.impl.jmh.map.ChainMapPutTest&loadFactor=org.eclipse.collections.impl.jmh.map.ChainMapPutTest","size=250000&size=500000&size=750000&size=1000000&size=1250000&size=1500000&size=1750000&size=2000000&size=2250000&size=2500000&size=2750000&size=3000000&size=3250000&size=3500000&size=3750000&size=4000000&size=4250000&size=4500000&size=4750000&size=5000000&size=5250000&size=5500000&size=5750000&size=6000000&size=6250000&size=6500000&size=6750000&size=7000000&size=7250000&size=7500000&size=7750000&size=8000000&size=8250000&size=8500000&size=8750000&size=9000000&size=9250000&size=9500000&size=9750000&size=10000000&isPresized=true&isPresized=false&loadFactor=0.70f&loadFactor=0.75f&loadFactor=0.80f","3","3","0","org.eclipse.collections.impl.jmh.map.ObjectObjectMap","false","a3e429570162791c6ac046edd10fbde42f5d944704c6acfa883189ed635c1864","9"
"eclipse/eclipse-collections","94a8f433bd920565f2fa1a57524f61576a898104","1490997600","1.12","1.8","1.8","org.eclipse.collections.impl.jmh.map.ChainMapPutTest","jdk","","","","","","","BOTH_UNSET","BOTH_UNSET","BOTH_UNSET","","","","","","","BOTH_UNSET","BOTH_UNSET","BOTH_UNSET","","","","","","","true","true","","false","false","","false","false","","false","false","","240","","0","0","0","false","false","false","false","false","size=org.eclipse.collections.impl.jmh.map.ChainMapPutTest&isPresized=org.eclipse.collections.impl.jmh.map.ChainMapPutTest&loadFactor=org.eclipse.collections.impl.jmh.map.ChainMapPutTest","size=250000&size=500000&size=750000&size=1000000&size=1250000&size=1500000&size=1750000&size=2000000&size=2250000&size=2500000&size=2750000&size=3000000&size=3250000&size=3500000&size=3750000&size=4000000&size=4250000&size=4500000&size=4750000&size=5000000&size=5250000&size=5500000&size=5750000&size=6000000&size=6250000&size=6500000&size=6750000&size=7000000&size=7250000&size=7500000&size=7750000&size=8000000&size=8250000&size=8500000&size=8750000&size=9000000&size=9250000&size=9500000&size=9750000&size=10000000&isPresized=true&isPresized=false&loadFactor=0.70f&loadFactor=0.75f&loadFactor=0.80f","3","3","0","java.util.Map<java.lang.String,java.lang.String>","false","100939bfebf149c5abb307b9214b40567106f8f4195e5f38c89a85d92f8d4bd4","9"
"eclipse/eclipse-collections","94a8f433bd920565f2fa1a57524f61576a898104","1490997600","1.12","1.8","1.8","org.eclipse.collections.impl.jmh.map.ChainMapPutTest","scala","","","","","","","BOTH_UNSET","BOTH_UNSET","BOTH_UNSET","","","","","","","BOTH_UNSET","BOTH_UNSET","BOTH_UNSET","","","","","","","true","true","","false","false","","false","false","","false","false","","240","","0","0","0","false","false","false","false","false","size=org.eclipse.collections.impl.jmh.map.ChainMapPutTest&isPresized=org.eclipse.collections.impl.jmh.map.ChainMapPutTest&loadFactor=org.eclipse.collections.impl.jmh.map.ChainMapPutTest","size=250000&size=500000&size=750000&size=1000000&size=1250000&size=1500000&size=1750000&size=2000000&size=2250000&size=2500000&size=2750000&size=3000000&size=3250000&size=3500000&size=3750000&size=4000000&size=4250000&size=4500000&size=4750000&size=5000000&size=5250000&size=5500000&size=5750000&size=6000000&size=6250000&size=6500000&size=6750000&size=7000000&size=7250000&size=7500000&size=7750000&size=8000000&size=8250000&size=8500000&size=8750000&size=9000000&size=9250000&size=9500000&size=9750000&size=10000000&isPresized=true&isPresized=false&loadFactor=0.70f&loadFactor=0.75f&loadFactor=0.80f","3","3","0","scala","false","bb854c346f4ca406c2e6620bfefe6ad75a21f726cfb8ed2a80253d52190424be","11"
"eclipse/eclipse-collections","94a8f433bd920565f2fa1a57524f61576a898104","1490997600","1.12","1.8","1.8","org.eclipse.collections.impl.jmh.map.ScalaImmutableMapGetTest","get","","","","","","","BOTH_UNSET","BOTH_UNSET","BOTH_UNSET","","","","","","","BOTH_UNSET","BOTH_UNSET","BOTH_UNSET","","","","","","","true","true","","false","false","","false","false","","false","false","","40","","0","0","0","false","false","false","false","false","size=org.eclipse.collections.impl.jmh.map.ScalaImmutableMapGetTest","size=250000&size=500000&size=750000&size=1000000&size=1250000&size=1500000&size=1750000&size=2000000&size=2250000&size=2500000&size=2750000&size=3000000&size=3250000&size=3500000&size=3750000&size=4000000&size=4250000&size=4500000&size=4750000&size=5000000&size=5250000&size=5500000&size=5750000&size=6000000&size=6250000&size=6500000&size=6750000&size=7000000&size=7250000&size=7500000&size=7750000&size=8000000&size=8250000&size=8500000&size=8750000&size=9000000&size=9250000&size=9500000&size=9750000&size=10000000","1","1","0","","false","c14729e13c27a3160f272de778d9946510856cbe470e77cc1149c5604a914207","8"
"eclipse/eclipse-collections","94a8f433bd920565f2fa1a57524f61576a898104","1490997600","1.12","1.8","1.8","org.eclipse.collections.impl.jmh.map.JdkMutableMapGetTest","get","","","","","","","BOTH_UNSET","BOTH_UNSET","BOTH_UNSET","","","","","","","BOTH_UNSET","BOTH_UNSET","BOTH_UNSET","","","","","","","true","true","","false","false","","false","false","","false","false","","40","","0","0","0","false","false","false","false","false","size=org.eclipse.collections.impl.jmh.map.JdkMutableMapGetTest","size=250000&size=500000&size=750000&size=1000000&size=1250000&size=1500000&size=1750000&size=2000000&size=2250000&size=2500000&size=2750000&size=3000000&size=3250000&size=3500000&size=3750000&size=4000000&size=4250000&size=4500000&size=4750000&size=5000000&size=5250000&size=5500000&size=5750000&size=6000000&size=6250000&size=6500000&size=6750000&size=7000000&size=7250000&size=7500000&size=7750000&size=8000000&size=8250000&size=8500000&size=8750000&size=9000000&size=9250000&size=9500000&size=9750000&size=10000000","1","1","0","","false","88f775ef3cafadefe813677cc4ed6bbfccd819c735207c3eb4e84a48a6710669","8"
"eclipse/eclipse-collections","94a8f433bd920565f2fa1a57524f61576a898104","1490997600","1.12","1.8","1.8","org.eclipse.collections.impl.jmh.map.TroveMapPutTest","trove","","","","","","","BOTH_UNSET","BOTH_UNSET","BOTH_UNSET","","","","","","","BOTH_UNSET","BOTH_UNSET","BOTH_UNSET","","","","","","","true","true","","false","false","","false","false","","false","false","","240","","0","0","0","false","false","false","false","false","size=org.eclipse.collections.impl.jmh.map.TroveMapPutTest&isPresized=org.eclipse.collections.impl.jmh.map.TroveMapPutTest&loadFactor=org.eclipse.collections.impl.jmh.map.TroveMapPutTest","size=250000&size=500000&size=750000&size=1000000&size=1250000&size=1500000&size=1750000&size=2000000&size=2250000&size=2500000&size=2750000&size=3000000&size=3250000&size=3500000&size=3750000&size=4000000&size=4250000&size=4500000&size=4750000&size=5000000&size=5250000&size=5500000&size=5750000&size=6000000&size=6250000&size=6500000&size=6750000&size=7000000&size=7250000&size=7500000&size=7750000&size=8000000&size=8250000&size=8500000&size=8750000&size=9000000&size=9250000&size=9500000&size=9750000&size=10000000&isPresized=true&isPresized=false&loadFactor=0.45&loadFactor=0.50&loadFactor=0.55","3","3","0","org.eclipse.collections.impl.jmh.map.TMap","false","395baea275cdf2defd05c8a974275b9c71f0f341a30d5aa63d8f015bf1161582","9"
"eclipse/eclipse-collections","94a8f433bd920565f2fa1a57524f61576a898104","1490997600","1.12","1.8","1.8","org.eclipse.collections.impl.jmh.map.ScalaAnyRefMapPutTest","scalaAnyRef","","","","","","","BOTH_UNSET","BOTH_UNSET","BOTH_UNSET","","","","","","","BOTH_UNSET","BOTH_UNSET","BOTH_UNSET","","","","","","","true","true","","false","false","","false","false","","false","false","","80","","0","0","0","false","false","false","false","false","size=org.eclipse.collections.impl.jmh.map.ScalaAnyRefMapPutTest&isPresized=org.eclipse.collections.impl.jmh.map.ScalaAnyRefMapPutTest&loadFactor=org.eclipse.collections.impl.jmh.map.ScalaAnyRefMapPutTest","size=250000&size=500000&size=750000&size=1000000&size=1250000&size=1500000&size=1750000&size=2000000&size=2250000&size=2500000&size=2750000&size=3000000&size=3250000&size=3500000&size=3750000&size=4000000&size=4250000&size=4500000&size=4750000&size=5000000&size=5250000&size=5500000&size=5750000&size=6000000&size=6250000&size=6500000&size=6750000&size=7000000&size=7250000&size=7500000&size=7750000&size=8000000&size=8250000&size=8500000&size=8750000&size=9000000&size=9250000&size=9500000&size=9750000&size=10000000&isPresized=true&isPresized=false&loadFactor=0.75","3","3","0","org.eclipse.collections.impl.jmh.map.Map","false","d36392fd2a6353b65164011928e41a4988b2212729f462af4a2ba5e41bebbf9a","7"
"eclipse/eclipse-collections","94a8f433bd920565f2fa1a57524f61576a898104","1490997600","1.12","1.8","1.8","org.eclipse.collections.impl.jmh.IntIntMapTest","get","20","","20","","","","BOTH_UNSET","BOTH_UNSET","BOTH_UNSET","10","","10","","","","BOTH_UNSET","BOTH_UNSET","BOTH_UNSET","","","","","","","true","true","","false","false","","false","false","","false","false","","12","org.openjdk.jmh.infra.Blackhole","1","0","0","true","false","false","false","false","mapSizeDividedBy64=org.eclipse.collections.impl.jmh.IntIntMapTest&fullyRandom=org.eclipse.collections.impl.jmh.IntIntMapTest","mapSizeDividedBy64=1&mapSizeDividedBy64=10&mapSizeDividedBy64=100&mapSizeDividedBy64=10000&mapSizeDividedBy64=30000&mapSizeDividedBy64=100000&fullyRandom=true&fullyRandom=false","2","2","0","","false","e3b0c44298fc1c149afbf4c8996fb92427ae41e4649b934ca495991b7852b855","1"
"eclipse/eclipse-collections","94a8f433bd920565f2fa1a57524f61576a898104","1490997600","1.12","1.8","1.8","org.eclipse.collections.impl.jmh.IntIntMapTest","put","20","","20","","","","BOTH_UNSET","BOTH_UNSET","BOTH_UNSET","10","","10","","","","BOTH_UNSET","BOTH_UNSET","BOTH_UNSET","","","","","","","true","true","","false","false","","false","false","","false","false","","12","","0","0","0","false","false","false","false","false","mapSizeDividedBy64=org.eclipse.collections.impl.jmh.IntIntMapTest&fullyRandom=org.eclipse.collections.impl.jmh.IntIntMapTest","mapSizeDividedBy64=1&mapSizeDividedBy64=10&mapSizeDividedBy64=100&mapSizeDividedBy64=10000&mapSizeDividedBy64=30000&mapSizeDividedBy64=100000&fullyRandom=true&fullyRandom=false","2","2","0","","false","e3b0c44298fc1c149afbf4c8996fb92427ae41e4649b934ca495991b7852b855","1"
"eclipse/eclipse-collections","94a8f433bd920565f2fa1a57524f61576a898104","1490997600","1.12","1.8","1.8","org.eclipse.collections.impl.jmh.IntIntMapTest","presizedPut","20","","20","","","","BOTH_UNSET","BOTH_UNSET","BOTH_UNSET","10","","10","","","","BOTH_UNSET","BOTH_UNSET","BOTH_UNSET","","","","","","","true","true","","false","false","","false","false","","false","false","","12","","0","0","0","false","false","false","false","false","mapSizeDividedBy64=org.eclipse.collections.impl.jmh.IntIntMapTest&fullyRandom=org.eclipse.collections.impl.jmh.IntIntMapTest","mapSizeDividedBy64=1&mapSizeDividedBy64=10&mapSizeDividedBy64=100&mapSizeDividedBy64=10000&mapSizeDividedBy64=30000&mapSizeDividedBy64=100000&fullyRandom=true&fullyRandom=false","2","2","0","","false","e3b0c44298fc1c149afbf4c8996fb92427ae41e4649b934ca495991b7852b855","1"
"eclipse/eclipse-collections","94a8f433bd920565f2fa1a57524f61576a898104","1490997600","1.12","1.8","1.8","org.eclipse.collections.impl.jmh.IntIntMapTest","remove","20","","20","","","","BOTH_UNSET","BOTH_UNSET","BOTH_UNSET","10","","10","","","","BOTH_UNSET","BOTH_UNSET","BOTH_UNSET","","","","","","","true","true","","false","false","","false","false","","false","false","","12","","0","0","0","false","false","false","false","false","mapSizeDividedBy64=org.eclipse.collections.impl.jmh.IntIntMapTest&fullyRandom=org.eclipse.collections.impl.jmh.IntIntMapTest","mapSizeDividedBy64=1&mapSizeDividedBy64=10&mapSizeDividedBy64=100&mapSizeDividedBy64=10000&mapSizeDividedBy64=30000&mapSizeDividedBy64=100000&fullyRandom=true&fullyRandom=false","2","2","0","","false","e3b0c44298fc1c149afbf4c8996fb92427ae41e4649b934ca495991b7852b855","1"
"eclipse/eclipse-collections","94a8f433bd920565f2fa1a57524f61576a898104","1490997600","1.12","1.8","1.8","org.eclipse.collections.impl.jmh.CollectTest","serial_lazy_jdk","","","","","","","BOTH_UNSET","BOTH_UNSET","BOTH_UNSET","","","","","","","BOTH_UNSET","BOTH_UNSET","BOTH_UNSET","","","","","","","true","true","","false","false","","false","false","","false","false","","1","","0","0","0","false","false","false","false","false","","","0","0","0","","false","8a837b2caa827812c18841235b49afccfe38cd3ec36de71ef00627bacd01a600","2"
"eclipse/eclipse-collections","94a8f433bd920565f2fa1a57524f61576a898104","1490997600","1.12","1.8","1.8","org.eclipse.collections.impl.jmh.CollectTest","serial_lazy_streams_ec","","","","","","","BOTH_UNSET","BOTH_UNSET","BOTH_UNSET","","","","","","","BOTH_UNSET","BOTH_UNSET","BOTH_UNSET","","","","","","","true","true","","false","false","","false","false","","false","false","","1","","0","0","0","false","false","false","false","false","","","0","0","0","","false","699bd83d83c48970624ed35f02affed3c5586cec8311d9142b66c4509f3a4019","2"
"eclipse/eclipse-collections","94a8f433bd920565f2fa1a57524f61576a898104","1490997600","1.12","1.8","1.8","org.eclipse.collections.impl.jmh.CollectTest","parallel_lazy_jdk","","","","","","","BOTH_UNSET","BOTH_UNSET","BOTH_UNSET","","","","","","","BOTH_UNSET","BOTH_UNSET","BOTH_UNSET","","","","","","","true","true","","false","false","","false","false","","false","false","","1","","0","0","0","false","false","false","false","false","","","0","0","0","","false","d9d0c0cfe9947a9df30500e41c20a442540ce5da26e8df578b6f5851468ee781","2"
"eclipse/eclipse-collections","94a8f433bd920565f2fa1a57524f61576a898104","1490997600","1.12","1.8","1.8","org.eclipse.collections.impl.jmh.CollectTest","parallel_lazy_streams_ec","","","","","","","BOTH_UNSET","BOTH_UNSET","BOTH_UNSET","","","","","","","BOTH_UNSET","BOTH_UNSET","BOTH_UNSET","","","","","","","true","true","","false","false","","false","false","","false","false","","1","","0","0","0","false","false","false","false","false","","","0","0","0","","false","3e4b8a9cbd881b9e1eb7039d5e09b9a5416e62d162cfcb10d6b9945a929181da","2"
"eclipse/eclipse-collections","94a8f433bd920565f2fa1a57524f61576a898104","1490997600","1.12","1.8","1.8","org.eclipse.collections.impl.jmh.CollectTest","serial_eager_scala","","","","","","","BOTH_UNSET","BOTH_UNSET","BOTH_UNSET","","","","","","","BOTH_UNSET","BOTH_UNSET","BOTH_UNSET","","","","","","","true","true","","false","false","","false","false","","false","false","","1","","0","0","0","false","false","false","false","false","","","0","0","0","","false","5e69abfb7cdd12d1c8ba6011729b16b5b7bc655a8bb6efcba2e8a62e0aea2050","1"
"eclipse/eclipse-collections","94a8f433bd920565f2fa1a57524f61576a898104","1490997600","1.12","1.8","1.8","org.eclipse.collections.impl.jmh.CollectTest","serial_lazy_scala","","","","","","","BOTH_UNSET","BOTH_UNSET","BOTH_UNSET","","","","","","","BOTH_UNSET","BOTH_UNSET","BOTH_UNSET","","","","","","","true","true","","false","false","","false","false","","false","false","","1","","0","0","0","false","false","false","false","false","","","0","0","0","","false","0a713bcf11f654a3b3daf50b5c9f82cee299a046a3400f95dbbb41292cdf5805","1"
"eclipse/eclipse-collections","94a8f433bd920565f2fa1a57524f61576a898104","1490997600","1.12","1.8","1.8","org.eclipse.collections.impl.jmh.CollectTest","parallel_lazy_scala","","","","","","","BOTH_UNSET","BOTH_UNSET","BOTH_UNSET","","","","","","","BOTH_UNSET","BOTH_UNSET","BOTH_UNSET","","","","","","","true","true","","false","false","","false","false","","false","false","","1","","0","0","0","false","false","false","false","false","","","0","0","0","","false","2713ed545e2cb5dd20cfd8dd14c08af1f273facd8cc92186b1f0dfed5c3a2c47","1"
"eclipse/eclipse-collections","94a8f433bd920565f2fa1a57524f61576a898104","1490997600","1.12","1.8","1.8","org.eclipse.collections.impl.jmh.CollectTest","serial_eager_ec","","","","","","","BOTH_UNSET","BOTH_UNSET","BOTH_UNSET","","","","","","","BOTH_UNSET","BOTH_UNSET","BOTH_UNSET","","","","","","","true","true","","false","false","","false","false","","false","false","","1","","0","0","0","false","false","false","false","false","","","0","0","0","","false","d9fb7010ff4dfaeec7cb5d0c06b4da1fff915d080aff67bdbf1be4bf961bec73","2"
"eclipse/eclipse-collections","94a8f433bd920565f2fa1a57524f61576a898104","1490997600","1.12","1.8","1.8","org.eclipse.collections.impl.jmh.CollectTest","parallel_eager_ec","","","","","","","BOTH_UNSET","BOTH_UNSET","BOTH_UNSET","","","","","","","BOTH_UNSET","BOTH_UNSET","BOTH_UNSET","","","","","","","true","true","","false","false","","false","false","","false","false","","1","","0","0","0","false","false","false","false","false","","","0","0","0","","false","5c33d2a6ecc8c3ae7aa63c080f9cb9b15ae327fbff84fae1efc81d0c7878ae1b","2"
"eclipse/eclipse-collections","94a8f433bd920565f2fa1a57524f61576a898104","1490997600","1.12","1.8","1.8","org.eclipse.collections.impl.jmh.CollectTest","parallel_eager_fixed_pool_ec","","","","","","","BOTH_UNSET","BOTH_UNSET","BOTH_UNSET","","","","","","","BOTH_UNSET","BOTH_UNSET","BOTH_UNSET","","","","","","","true","true","","false","false","","false","false","","false","false","","1","","0","0","0","false","false","false","false","false","","","0","0","0","","false","e84d4664b3a413ed17f7a33164a3e4cd31b62cfcac9d29f94a866823fa00c9df","2"
"eclipse/eclipse-collections","94a8f433bd920565f2fa1a57524f61576a898104","1490997600","1.12","1.8","1.8","org.eclipse.collections.impl.jmh.CollectTest","serial_lazy_ec","","","","","","","BOTH_UNSET","BOTH_UNSET","BOTH_UNSET","","","","","","","BOTH_UNSET","BOTH_UNSET","BOTH_UNSET","","","","","","","true","true","","false","false","","false","false","","false","false","","1","","0","0","0","false","false","false","false","false","","","0","0","0","","false","4cb06010416ac7c8e40e2fea9ffad136f655c3d68e234924776f3ae3bd08269a","2"
"eclipse/eclipse-collections","94a8f433bd920565f2fa1a57524f61576a898104","1490997600","1.12","1.8","1.8","org.eclipse.collections.impl.jmh.CollectTest","parallel_lazy_ec","","","","","","","BOTH_UNSET","BOTH_UNSET","BOTH_UNSET","","","","","","","BOTH_UNSET","BOTH_UNSET","BOTH_UNSET","","","","","","","true","true","","false","false","","false","false","","false","false","","1","","0","0","0","false","false","false","false","false","","","0","0","0","","false","d282e7338e2666ec32f7e3ff95d9ed709d94665ffd5a3c5412c77c2d10be4748","2"
"eclipse/eclipse-collections","94a8f433bd920565f2fa1a57524f61576a898104","1490997600","1.12","1.8","1.8","org.eclipse.collections.impl.jmh.CollectIfTest","serial_lazy_jdk","","","","","","","BOTH_UNSET","BOTH_UNSET","BOTH_UNSET","","","","","","","BOTH_UNSET","BOTH_UNSET","BOTH_UNSET","","","","","","","true","true","","false","false","","false","false","","false","false","","1","","0","0","0","false","false","false","false","false","","","0","0","0","","false","a0613961c00b3917da3cb4135e751f527bb191139903df94ee906e66883cc391","2"
"eclipse/eclipse-collections","94a8f433bd920565f2fa1a57524f61576a898104","1490997600","1.12","1.8","1.8","org.eclipse.collections.impl.jmh.CollectIfTest","serial_lazy_streams_ec","","","","","","","BOTH_UNSET","BOTH_UNSET","BOTH_UNSET","","","","","","","BOTH_UNSET","BOTH_UNSET","BOTH_UNSET","","","","","","","true","true","","false","false","","false","false","","false","false","","1","","0","0","0","false","false","false","false","false","","","0","0","0","","false","68800fbbba950d6f895cc30832fe3a714df794ced9ad5b31e623eb46da989ab2","2"
"eclipse/eclipse-collections","94a8f433bd920565f2fa1a57524f61576a898104","1490997600","1.12","1.8","1.8","org.eclipse.collections.impl.jmh.CollectIfTest","parallel_lazy_jdk","","","","","","","BOTH_UNSET","BOTH_UNSET","BOTH_UNSET","","","","","","","BOTH_UNSET","BOTH_UNSET","BOTH_UNSET","","","","","","","true","true","","false","false","","false","false","","false","false","","1","","0","0","0","false","false","false","false","false","","","0","0","0","","false","814232903a984acfca1a6a48caf3d4d4c89c601ee26808b46ceba9ae02303482","2"
"eclipse/eclipse-collections","94a8f433bd920565f2fa1a57524f61576a898104","1490997600","1.12","1.8","1.8","org.eclipse.collections.impl.jmh.CollectIfTest","parallel_lazy_streams_ec","","","","","","","BOTH_UNSET","BOTH_UNSET","BOTH_UNSET","","","","","","","BOTH_UNSET","BOTH_UNSET","BOTH_UNSET","","","","","","","true","true","","false","false","","false","false","","false","false","","1","","0","0","0","false","false","false","false","false","","","0","0","0","","false","bedecaa729a296c3398e66da6ee099f42917e9d9ca998c2be1bfafae61588a3a","2"
"eclipse/eclipse-collections","94a8f433bd920565f2fa1a57524f61576a898104","1490997600","1.12","1.8","1.8","org.eclipse.collections.impl.jmh.CollectIfTest","serial_eager_ec","","","","","","","BOTH_UNSET","BOTH_UNSET","BOTH_UNSET","","","","","","","BOTH_UNSET","BOTH_UNSET","BOTH_UNSET","","","","","","","true","true","","false","false","","false","false","","false","false","","1","","0","0","0","false","false","false","false","false","","","0","0","0","","false","8204a50177ba3e928e87aff9432053e9af8bf10ac5b817d165372f18d4a1afde","2"
"eclipse/eclipse-collections","94a8f433bd920565f2fa1a57524f61576a898104","1490997600","1.12","1.8","1.8","org.eclipse.collections.impl.jmh.CollectIfTest","parallel_eager_ec","","","","","","","BOTH_UNSET","BOTH_UNSET","BOTH_UNSET","","","","","","","BOTH_UNSET","BOTH_UNSET","BOTH_UNSET","","","","","","","true","true","","false","false","","false","false","","false","false","","1","","0","0","0","false","false","false","false","false","","","0","0","0","","false","e63c21c193ec0021e52bf449a8b699fa95f67986440d8726354131a209b4bf15","2"
"eclipse/eclipse-collections","94a8f433bd920565f2fa1a57524f61576a898104","1490997600","1.12","1.8","1.8","org.eclipse.collections.impl.jmh.CollectIfTest","serial_lazy_ec","","","","","","","BOTH_UNSET","BOTH_UNSET","BOTH_UNSET","","","","","","","BOTH_UNSET","BOTH_UNSET","BOTH_UNSET","","","","","","","true","true","","false","false","","false","false","","false","false","","1","","0","0","0","false","false","false","false","false","","","0","0","0","","false","2e1d2e81446ff02974d90828431b17c5b0a7ad3d233c46b6378ecc79fa0e9023","2"
"eclipse/eclipse-collections","94a8f433bd920565f2fa1a57524f61576a898104","1490997600","1.12","1.8","1.8","org.eclipse.collections.impl.jmh.CollectIfTest","parallel_lazy_ec","","","","","","","BOTH_UNSET","BOTH_UNSET","BOTH_UNSET","","","","","","","BOTH_UNSET","BOTH_UNSET","BOTH_UNSET","","","","","","","true","true","","false","false","","false","false","","false","false","","1","","0","0","0","false","false","false","false","false","","","0","0","0","","false","d0aad36a86e9fae10330ceaf92ea9ecdc09ea6ec9d3736ed2a24e35171d6b81b","3"
"eclipse/eclipse-collections","94a8f433bd920565f2fa1a57524f61576a898104","1490997600","1.12","1.8","1.8","org.eclipse.collections.impl.jmh.MaxByDoubleTest","maxByMarketValue_serial_lazy_direct_methodref_jdk","","","","","","","BOTH_UNSET","BOTH_UNSET","BOTH_UNSET","","","","","","","BOTH_UNSET","BOTH_UNSET","BOTH_UNSET","","","","","","","true","true","","false","false","","false","false","","false","false","","1","","0","0","0","false","false","false","false","false","","","0","0","0","org.eclipse.collections.impl.jmh.domain.Position","false","a50b976feb0a2da968901d933c3b2454ed8b7e8284047900fef0069b4a46f87a","1"
"eclipse/eclipse-collections","94a8f433bd920565f2fa1a57524f61576a898104","1490997600","1.12","1.8","1.8","org.eclipse.collections.impl.jmh.MaxByDoubleTest","maxByMarketValue_serial_lazy_direct_lambda_jdk","","","","","","","BOTH_UNSET","BOTH_UNSET","BOTH_UNSET","","","","","","","BOTH_UNSET","BOTH_UNSET","BOTH_UNSET","","","","","","","true","true","","false","false","","false","false","","false","false","","1","","0","0","0","false","false","false","false","false","","","0","0","0","org.eclipse.collections.impl.jmh.domain.Position","false","081984cd8f2b96cb1db1341f84cad4314ac29ac7f763841bfd42e0ec6b15b03b","1"
"eclipse/eclipse-collections","94a8f433bd920565f2fa1a57524f61576a898104","1490997600","1.12","1.8","1.8","org.eclipse.collections.impl.jmh.MaxByDoubleTest","maxByMarketValue_serial_lazy_collect_methodref_jdk","","","","","","","BOTH_UNSET","BOTH_UNSET","BOTH_UNSET","","","","","","","BOTH_UNSET","BOTH_UNSET","BOTH_UNSET","","","","","","","true","true","","false","false","","false","false","","false","false","","1","","0","0","0","false","false","false","false","false","","","0","0","0","org.eclipse.collections.impl.jmh.domain.Position","false","16ec07778794f236c9f81ec51588ab07326a5e034d3c7dfe8c26ae52c1cb753d","1"
"eclipse/eclipse-collections","94a8f433bd920565f2fa1a57524f61576a898104","1490997600","1.12","1.8","1.8","org.eclipse.collections.impl.jmh.MaxByDoubleTest","maxByMarketValue_serial_lazy_collect_lambda_jdk","","","","","","","BOTH_UNSET","BOTH_UNSET","BOTH_UNSET","","","","","","","BOTH_UNSET","BOTH_UNSET","BOTH_UNSET","","","","","","","true","true","","false","false","","false","false","","false","false","","1","","0","0","0","false","false","false","false","false","","","0","0","0","org.eclipse.collections.impl.jmh.domain.Position","false","cd52b02186c3ddb59f156a55c5a5813fa2085788b1f5b0dc26a8371ce7fa2771","1"
"eclipse/eclipse-collections","94a8f433bd920565f2fa1a57524f61576a898104","1490997600","1.12","1.8","1.8","org.eclipse.collections.impl.jmh.MaxByDoubleTest","maxByMarketValue_parallel_lazy_direct_methodref_jdk","","","","","","","BOTH_UNSET","BOTH_UNSET","BOTH_UNSET","","","","","","","BOTH_UNSET","BOTH_UNSET","BOTH_UNSET","","","","","","","true","true","","false","false","","false","false","","false","false","","1","","0","0","0","false","false","false","false","false","","","0","0","0","org.eclipse.collections.impl.jmh.domain.Position","false","2919fe4e100b4585143b0c5fc788ee50f8fe02b0517c02f7c7e2186109e28a3c","1"
"eclipse/eclipse-collections","94a8f433bd920565f2fa1a57524f61576a898104","1490997600","1.12","1.8","1.8","org.eclipse.collections.impl.jmh.MaxByDoubleTest","maxByMarketValue_parallel_lazy_direct_lambda_jdk","","","","","","","BOTH_UNSET","BOTH_UNSET","BOTH_UNSET","","","","","","","BOTH_UNSET","BOTH_UNSET","BOTH_UNSET","","","","","","","true","true","","false","false","","false","false","","false","false","","1","","0","0","0","false","false","false","false","false","","","0","0","0","org.eclipse.collections.impl.jmh.domain.Position","false","d22994a0252a7533cabd214361f4a10f5eabaf4491a0329aab733a2d9e6de238","1"
"eclipse/eclipse-collections","94a8f433bd920565f2fa1a57524f61576a898104","1490997600","1.12","1.8","1.8","org.eclipse.collections.impl.jmh.MaxByDoubleTest","maxByMarketValue_parallel_lazy_collect_methodref_jdk","","","","","","","BOTH_UNSET","BOTH_UNSET","BOTH_UNSET","","","","","","","BOTH_UNSET","BOTH_UNSET","BOTH_UNSET","","","","","","","true","true","","false","false","","false","false","","false","false","","1","","0","0","0","false","false","false","false","false","","","0","0","0","org.eclipse.collections.impl.jmh.domain.Position","false","df1886960015d0a9a783fb3cc35d8c8f9ae98047ff5fb5b777425fe7540213d7","1"
"eclipse/eclipse-collections","94a8f433bd920565f2fa1a57524f61576a898104","1490997600","1.12","1.8","1.8","org.eclipse.collections.impl.jmh.MaxByDoubleTest","maxByMarketValue_parallel_lazy_collect_lambda_jdk","","","","","","","BOTH_UNSET","BOTH_UNSET","BOTH_UNSET","","","","","","","BOTH_UNSET","BOTH_UNSET","BOTH_UNSET","","","","","","","true","true","","false","false","","false","false","","false","false","","1","","0","0","0","false","false","false","false","false","","","0","0","0","org.eclipse.collections.impl.jmh.domain.Position","false","11b19ae6fd68d86e8719ff370b345e866d1929c0b300debc6f200be6f130e6ad","1"
"eclipse/eclipse-collections","94a8f433bd920565f2fa1a57524f61576a898104","1490997600","1.12","1.8","1.8","org.eclipse.collections.impl.jmh.MaxByDoubleTest","maxByMarketValue_serial_eager_ec","","","","","","","BOTH_UNSET","BOTH_UNSET","BOTH_UNSET","","","","","","","BOTH_UNSET","BOTH_UNSET","BOTH_UNSET","","","","","","","true","true","","false","false","","false","false","","false","false","","1","","0","0","0","false","false","false","false","false","","","0","0","0","org.eclipse.collections.impl.jmh.domain.Position","false","f154618a0874c121834fd35cd2bf5c2b320442ba58039f04c1088f28fb268ac8","1"
"eclipse/eclipse-collections","94a8f433bd920565f2fa1a57524f61576a898104","1490997600","1.12","1.8","1.8","org.eclipse.collections.impl.jmh.MaxByDoubleTest","maxByMarketValue_serial_lazy_ec","","","","","","","BOTH_UNSET","BOTH_UNSET","BOTH_UNSET","","","","","","","BOTH_UNSET","BOTH_UNSET","BOTH_UNSET","","","","","","","true","true","","false","false","","false","false","","false","false","","1","","0","0","0","false","false","false","false","false","","","0","0","0","org.eclipse.collections.impl.jmh.domain.Position","false","a13c61ea20ea48086095031fc06ea82a64006e9cb278196072fd30c980f367ae","1"
"eclipse/eclipse-collections","94a8f433bd920565f2fa1a57524f61576a898104","1490997600","1.12","1.8","1.8","org.eclipse.collections.impl.jmh.MaxByDoubleTest","maxByMarketValue_parallel_lazy_ec","","","","","","","BOTH_UNSET","BOTH_UNSET","BOTH_UNSET","","","","","","","BOTH_UNSET","BOTH_UNSET","BOTH_UNSET","","","","","","","true","true","","false","false","","false","false","","false","false","","1","","0","0","0","false","false","false","false","false","","","0","0","0","org.eclipse.collections.impl.jmh.domain.Position","false","bc868d22eea98965cf71c5b61fe7ce4b45cbd0c52fad8ebe50264c0f5a485b40","1"
"eclipse/eclipse-collections","94a8f433bd920565f2fa1a57524f61576a898104","1490997600","1.12","1.8","1.8","org.eclipse.collections.impl.jmh.CountTest","serial_lazy_jdk","","","","","","","BOTH_UNSET","BOTH_UNSET","BOTH_UNSET","","","","","","","BOTH_UNSET","BOTH_UNSET","BOTH_UNSET","","","","","","","true","true","","false","false","","false","false","","false","false","","4","","0","0","0","false","false","false","false","false","megamorphicWarmupLevel=org.eclipse.collections.impl.jmh.CountTest","megamorphicWarmupLevel=0&megamorphicWarmupLevel=1&megamorphicWarmupLevel=2&megamorphicWarmupLevel=3","1","1","0","","false","fe2746200ea200c18fa2827c1be35dbf48c39481ad45f97c6b598de18400d5bb","2"
"eclipse/eclipse-collections","94a8f433bd920565f2fa1a57524f61576a898104","1490997600","1.12","1.8","1.8","org.eclipse.collections.impl.jmh.CountTest","serial_lazy_streams_ec","","","","","","","BOTH_UNSET","BOTH_UNSET","BOTH_UNSET","","","","","","","BOTH_UNSET","BOTH_UNSET","BOTH_UNSET","","","","","","","true","true","","false","false","","false","false","","false","false","","4","","0","0","0","false","false","false","false","false","megamorphicWarmupLevel=org.eclipse.collections.impl.jmh.CountTest","megamorphicWarmupLevel=0&megamorphicWarmupLevel=1&megamorphicWarmupLevel=2&megamorphicWarmupLevel=3","1","1","0","","false","9affdd0ff5997a9cbab3e86a9197987cb104f35035eb53d92b60ffa6a1ef57cf","2"
"eclipse/eclipse-collections","94a8f433bd920565f2fa1a57524f61576a898104","1490997600","1.12","1.8","1.8","org.eclipse.collections.impl.jmh.CountTest","parallel_lazy_jdk","","","","","","","BOTH_UNSET","BOTH_UNSET","BOTH_UNSET","","","","","","","BOTH_UNSET","BOTH_UNSET","BOTH_UNSET","","","","","","","true","true","","false","false","","false","false","","false","false","","4","","0","0","0","false","false","false","false","false","megamorphicWarmupLevel=org.eclipse.collections.impl.jmh.CountTest","megamorphicWarmupLevel=0&megamorphicWarmupLevel=1&megamorphicWarmupLevel=2&megamorphicWarmupLevel=3","1","1","0","","false","3142db1890e2268a9030999d55ef984dff1d6ce88ab312f0dc5c34bf5bb6df0d","2"
"eclipse/eclipse-collections","94a8f433bd920565f2fa1a57524f61576a898104","1490997600","1.12","1.8","1.8","org.eclipse.collections.impl.jmh.CountTest","parallel_lazy_streams_ec","","","","","","","BOTH_UNSET","BOTH_UNSET","BOTH_UNSET","","","","","","","BOTH_UNSET","BOTH_UNSET","BOTH_UNSET","","","","","","","true","true","","false","false","","false","false","","false","false","","4","","0","0","0","false","false","false","false","false","megamorphicWarmupLevel=org.eclipse.collections.impl.jmh.CountTest","megamorphicWarmupLevel=0&megamorphicWarmupLevel=1&megamorphicWarmupLevel=2&megamorphicWarmupLevel=3","1","1","0","","false","a97435ace9a9aa0b226eca5d586231881ef16e4d91d2e6758a4007bce1523ad3","2"
"eclipse/eclipse-collections","94a8f433bd920565f2fa1a57524f61576a898104","1490997600","1.12","1.8","1.8","org.eclipse.collections.impl.jmh.CountTest","serial_eager_ec","","","","","","","BOTH_UNSET","BOTH_UNSET","BOTH_UNSET","","","","","","","BOTH_UNSET","BOTH_UNSET","BOTH_UNSET","","","","","","","true","true","","false","false","","false","false","","false","false","","4","","0","0","0","false","false","false","false","false","megamorphicWarmupLevel=org.eclipse.collections.impl.jmh.CountTest","megamorphicWarmupLevel=0&megamorphicWarmupLevel=1&megamorphicWarmupLevel=2&megamorphicWarmupLevel=3","1","1","0","","false","375fe80ca0f11e7af9b9d5e5c18a5cc26efe216ef54582d9e19a727dbda1e263","2"
"eclipse/eclipse-collections","94a8f433bd920565f2fa1a57524f61576a898104","1490997600","1.12","1.8","1.8","org.eclipse.collections.impl.jmh.CountTest","serial_lazy_ec","","","","","","","BOTH_UNSET","BOTH_UNSET","BOTH_UNSET","","","","","","","BOTH_UNSET","BOTH_UNSET","BOTH_UNSET","","","","","","","true","true","","false","false","","false","false","","false","false","","4","","0","0","0","false","false","false","false","false","megamorphicWarmupLevel=org.eclipse.collections.impl.jmh.CountTest","megamorphicWarmupLevel=0&megamorphicWarmupLevel=1&megamorphicWarmupLevel=2&megamorphicWarmupLevel=3","1","1","0","","false","6a46a44a2585470f157400cb7b76b49a2a8a5035f3db582f8a4963bdd271128d","2"
"eclipse/eclipse-collections","94a8f433bd920565f2fa1a57524f61576a898104","1490997600","1.12","1.8","1.8","org.eclipse.collections.impl.jmh.CountTest","parallel_eager_ec","","","","","","","BOTH_UNSET","BOTH_UNSET","BOTH_UNSET","","","","","","","BOTH_UNSET","BOTH_UNSET","BOTH_UNSET","","","","","","","true","true","","false","false","","false","false","","false","false","","4","","0","0","0","false","false","false","false","false","megamorphicWarmupLevel=org.eclipse.collections.impl.jmh.CountTest","megamorphicWarmupLevel=0&megamorphicWarmupLevel=1&megamorphicWarmupLevel=2&megamorphicWarmupLevel=3","1","1","0","","false","a3f00629cd7616f95ca481bf90b2f2115cf2ecdb7af6a0b36e8a04fb536cb789","2"
"eclipse/eclipse-collections","94a8f433bd920565f2fa1a57524f61576a898104","1490997600","1.12","1.8","1.8","org.eclipse.collections.impl.jmh.CountTest","parallel_lazy_ec","","","","","","","BOTH_UNSET","BOTH_UNSET","BOTH_UNSET","","","","","","","BOTH_UNSET","BOTH_UNSET","BOTH_UNSET","","","","","","","true","true","","false","false","","false","false","","false","false","","4","","0","0","0","false","false","false","false","false","megamorphicWarmupLevel=org.eclipse.collections.impl.jmh.CountTest","megamorphicWarmupLevel=0&megamorphicWarmupLevel=1&megamorphicWarmupLevel=2&megamorphicWarmupLevel=3","1","1","0","","false","5703affb331cc57122928dad6686bb603515b0ab7c25f930827bd852b215c0ac","2"
"eclipse/eclipse-collections","94a8f433bd920565f2fa1a57524f61576a898104","1490997600","1.12","1.8","1.8","org.eclipse.collections.impl.jmh.CountTest","serial_eager_scala","","","","","","","BOTH_UNSET","BOTH_UNSET","BOTH_UNSET","","","","","","","BOTH_UNSET","BOTH_UNSET","BOTH_UNSET","","","","","","","true","true","","false","false","","false","false","","false","false","","4","","0","0","0","false","false","false","false","false","megamorphicWarmupLevel=org.eclipse.collections.impl.jmh.CountTest","megamorphicWarmupLevel=0&megamorphicWarmupLevel=1&megamorphicWarmupLevel=2&megamorphicWarmupLevel=3","1","1","0","","false","76bbab35cab0e6046f9d3cc6c68084fae6a37e835a0b74085fcc32a5dac2729f","1"
"eclipse/eclipse-collections","94a8f433bd920565f2fa1a57524f61576a898104","1490997600","1.12","1.8","1.8","org.eclipse.collections.impl.jmh.CountTest","serial_lazy_scala","","","","","","","BOTH_UNSET","BOTH_UNSET","BOTH_UNSET","","","","","","","BOTH_UNSET","BOTH_UNSET","BOTH_UNSET","","","","","","","true","true","","false","false","","false","false","","false","false","","4","","0","0","0","false","false","false","false","false","megamorphicWarmupLevel=org.eclipse.collections.impl.jmh.CountTest","megamorphicWarmupLevel=0&megamorphicWarmupLevel=1&megamorphicWarmupLevel=2&megamorphicWarmupLevel=3","1","1","0","","false","69e1ccb094799cc30faf45f196ed11766aff7af6fbc52f36abb042b33e22dc57","1"
"eclipse/eclipse-collections","94a8f433bd920565f2fa1a57524f61576a898104","1490997600","1.12","1.8","1.8","org.eclipse.collections.impl.jmh.CountTest","parallel_lazy_scala","","","","","","","BOTH_UNSET","BOTH_UNSET","BOTH_UNSET","","","","","","","BOTH_UNSET","BOTH_UNSET","BOTH_UNSET","","","","","","","true","true","","false","false","","false","false","","false","false","","4","","0","0","0","false","false","false","false","false","megamorphicWarmupLevel=org.eclipse.collections.impl.jmh.CountTest","megamorphicWarmupLevel=0&megamorphicWarmupLevel=1&megamorphicWarmupLevel=2&megamorphicWarmupLevel=3","1","1","0","","false","afaac2f3b3bdf6e3f25b25e8ecb1be7385b2e7a92a4f2e1bbc158ae68a97768d","1"
"eclipse/eclipse-collections","94a8f433bd920565f2fa1a57524f61576a898104","1490997600","1.12","1.8","1.8","org.eclipse.collections.impl.jmh.IntIntMapSmallStressTest","jdkGet","","","","","","","BOTH_UNSET","BOTH_UNSET","BOTH_UNSET","","","","","","","BOTH_UNSET","BOTH_UNSET","BOTH_UNSET","","","","","","","true","true","","false","false","","false","false","","false","false","","2","","0","0","0","false","false","false","false","false","fullyRandom=org.eclipse.collections.impl.jmh.IntIntMapSmallStressTest","fullyRandom=true&fullyRandom=false","1","1","0","","false","4be0a0f8a2b895b1b2077dca7eb89bc32ad0b02415e017d4bbbbbdbffa78b0d4","10"
"eclipse/eclipse-collections","94a8f433bd920565f2fa1a57524f61576a898104","1490997600","1.12","1.8","1.8","org.eclipse.collections.impl.jmh.IntIntMapSmallStressTest","kolobokeGet","","","","","","","BOTH_UNSET","BOTH_UNSET","BOTH_UNSET","","","","","","","BOTH_UNSET","BOTH_UNSET","BOTH_UNSET","","","","","","","true","true","","false","false","","false","false","","false","false","","2","","0","0","0","false","false","false","false","false","fullyRandom=org.eclipse.collections.impl.jmh.IntIntMapSmallStressTest","fullyRandom=true&fullyRandom=false","1","1","0","","false","e03c914aa74faff8fb1054fe1181989430fb6c0fb8a3a733bcde04e24fa06d46","10"
"eclipse/eclipse-collections","94a8f433bd920565f2fa1a57524f61576a898104","1490997600","1.12","1.8","1.8","org.eclipse.collections.impl.jmh.IntIntMapSmallStressTest","ecGet","","","","","","","BOTH_UNSET","BOTH_UNSET","BOTH_UNSET","","","","","","","BOTH_UNSET","BOTH_UNSET","BOTH_UNSET","","","","","","","true","true","","false","false","","false","false","","false","false","","2","","0","0","0","false","false","false","false","false","fullyRandom=org.eclipse.collections.impl.jmh.IntIntMapSmallStressTest","fullyRandom=true&fullyRandom=false","1","1","0","","false","36fe1bfcee5e09ee739225433f2cccfac8a9b4c306c9436dc3cf822245b691d0","10"
"eclipse/eclipse-collections","94a8f433bd920565f2fa1a57524f61576a898104","1490997600","1.12","1.8","1.8","org.eclipse.collections.impl.jmh.IntIntMapSmallStressTest","jdkPut","","","","","","","BOTH_UNSET","BOTH_UNSET","BOTH_UNSET","","","","","","","BOTH_UNSET","BOTH_UNSET","BOTH_UNSET","","","","","","","true","true","","false","false","","false","false","","false","false","","2","","0","0","0","false","false","false","false","false","fullyRandom=org.eclipse.collections.impl.jmh.IntIntMapSmallStressTest","fullyRandom=true&fullyRandom=false","1","1","0","","false","1791f6434f359a4bc2aa8209d973605b38b3f0175f5656c23dbe72e8948b2b4f","9"
"eclipse/eclipse-collections","94a8f433bd920565f2fa1a57524f61576a898104","1490997600","1.12","1.8","1.8","org.eclipse.collections.impl.jmh.IntIntMapSmallStressTest","kolobokePut","","","","","","","BOTH_UNSET","BOTH_UNSET","BOTH_UNSET","","","","","","","BOTH_UNSET","BOTH_UNSET","BOTH_UNSET","","","","","","","true","true","","false","false","","false","false","","false","false","","2","","0","0","0","false","false","false","false","false","fullyRandom=org.eclipse.collections.impl.jmh.IntIntMapSmallStressTest","fullyRandom=true&fullyRandom=false","1","1","0","","false","892b3fd82c8dc4890ef4e080f2e74b7045f21a2df26f5bf813360dd45c568d1a","9"
"eclipse/eclipse-collections","94a8f433bd920565f2fa1a57524f61576a898104","1490997600","1.12","1.8","1.8","org.eclipse.collections.impl.jmh.IntIntMapSmallStressTest","ecPut","","","","","","","BOTH_UNSET","BOTH_UNSET","BOTH_UNSET","","","","","","","BOTH_UNSET","BOTH_UNSET","BOTH_UNSET","","","","","","","true","true","","false","false","","false","false","","false","false","","2","","0","0","0","false","false","false","false","false","fullyRandom=org.eclipse.collections.impl.jmh.IntIntMapSmallStressTest","fullyRandom=true&fullyRandom=false","1","1","0","","false","b13a8dc61fc94604a2d0c7efc9eaafb8758e2c70b60663c2af7c273b6689dc74","9"
"eclipse/eclipse-collections","94a8f433bd920565f2fa1a57524f61576a898104","1490997600","1.12","1.8","1.8","org.eclipse.collections.impl.jmh.IntIntMapSmallStressTest","ecRemove","","","","","","","BOTH_UNSET","BOTH_UNSET","BOTH_UNSET","","","","","","","BOTH_UNSET","BOTH_UNSET","BOTH_UNSET","","","","","","","true","true","","false","false","","false","false","","false","false","","2","","0","0","0","false","false","false","false","false","fullyRandom=org.eclipse.collections.impl.jmh.IntIntMapSmallStressTest","fullyRandom=true&fullyRandom=false","1","1","0","","false","70dfbb436bde2751771aa7b50288ebd656ca98baf488803400edcdfe4b9cb992","9"
"eclipse/eclipse-collections","94a8f433bd920565f2fa1a57524f61576a898104","1490997600","1.12","1.8","1.8","org.eclipse.collections.impl.jmh.IntIntMapSmallStressTest","jdkRemove","","","","","","","BOTH_UNSET","BOTH_UNSET","BOTH_UNSET","","","","","","","BOTH_UNSET","BOTH_UNSET","BOTH_UNSET","","","","","","","true","true","","false","false","","false","false","","false","false","","2","","0","0","0","false","false","false","false","false","fullyRandom=org.eclipse.collections.impl.jmh.IntIntMapSmallStressTest","fullyRandom=true&fullyRandom=false","1","1","0","","false","d0e25736f915f04a0c2e690fc93212bd2e06e00048a7701ae27437852ecce652","9"
"eclipse/eclipse-collections","94a8f433bd920565f2fa1a57524f61576a898104","1490997600","1.12","1.8","1.8","org.eclipse.collections.impl.jmh.IntIntMapSmallStressTest","kolobokeRemove","","","","","","","BOTH_UNSET","BOTH_UNSET","BOTH_UNSET","","","","","","","BOTH_UNSET","BOTH_UNSET","BOTH_UNSET","","","","","","","true","true","","false","false","","false","false","","false","false","","2","","0","0","0","false","false","false","false","false","fullyRandom=org.eclipse.collections.impl.jmh.IntIntMapSmallStressTest","fullyRandom=true&fullyRandom=false","1","1","0","","false","b02db55c463ee4a380e0dea20926ddf6da683145149de4bc23a185b4ec6ed330","9"
"eclipse/eclipse-collections","94a8f433bd920565f2fa1a57524f61576a898104","1490997600","1.12","1.8","1.8","org.eclipse.collections.impl.jmh.BagAddAllTest","guava","","","","","","","BOTH_UNSET","BOTH_UNSET","BOTH_UNSET","","","","","","","BOTH_UNSET","BOTH_UNSET","BOTH_UNSET","","","","","","","true","true","","false","false","","false","false","","false","false","","1","","0","0","0","false","false","false","false","false","","","0","0","0","","false","2f601e86e67cc5f0715a224d9675b14ecfe00ada6c822943246729f634025082","4"
"eclipse/eclipse-collections","94a8f433bd920565f2fa1a57524f61576a898104","1490997600","1.12","1.8","1.8","org.eclipse.collections.impl.jmh.BagAddAllTest","ec","","","","","","","BOTH_UNSET","BOTH_UNSET","BOTH_UNSET","","","","","","","BOTH_UNSET","BOTH_UNSET","BOTH_UNSET","","","","","","","true","true","","false","false","","false","false","","false","false","","1","","0","0","0","false","false","false","false","false","","","0","0","0","","false","9f4209057690551f7e2fe9c94b872aa580abee246f0961f49203a2ffd89637e2","4"
"eclipse/eclipse-collections","94a8f433bd920565f2fa1a57524f61576a898104","1490997600","1.12","1.8","1.8","org.eclipse.collections.impl.jmh.SumByDoubleTest","sumByProduct_serial_lazy_jdk","","","","","","","BOTH_UNSET","BOTH_UNSET","BOTH_UNSET","","","","","","","BOTH_UNSET","BOTH_UNSET","BOTH_UNSET","","","","","","","true","true","","false","false","","false","false","","false","false","","1","","0","0","0","false","false","false","false","false","","","0","0","0","java.util.Map<org.eclipse.collections.impl.jmh.domain.Product,java.lang.Double>","false","4b5ab9ff4d822f6cbccaa5b39c19e924c167168b2637b545f43455b4bd57c2da","1"
"eclipse/eclipse-collections","94a8f433bd920565f2fa1a57524f61576a898104","1490997600","1.12","1.8","1.8","org.eclipse.collections.impl.jmh.SumByDoubleTest","sumByProduct_serial_lazy_streams_ec","","","","","","","BOTH_UNSET","BOTH_UNSET","BOTH_UNSET","","","","","","","BOTH_UNSET","BOTH_UNSET","BOTH_UNSET","","","","","","","true","true","","false","false","","false","false","","false","false","","1","","0","0","0","false","false","false","false","false","","","0","0","0","java.util.Map<org.eclipse.collections.impl.jmh.domain.Product,java.lang.Double>","false","797c86e9fb0ddfbda0aa55e735ee88080e942ae23e9bc571e32bcece86b6609d","1"
"eclipse/eclipse-collections","94a8f433bd920565f2fa1a57524f61576a898104","1490997600","1.12","1.8","1.8","org.eclipse.collections.impl.jmh.SumByDoubleTest","sumByAccount_serial_lazy_jdk","","","","","","","BOTH_UNSET","BOTH_UNSET","BOTH_UNSET","","","","","","","BOTH_UNSET","BOTH_UNSET","BOTH_UNSET","","","","","","","true","true","","false","false","","false","false","","false","false","","1","","0","0","0","false","false","false","false","false","","","0","0","0","java.util.Map<org.eclipse.collections.impl.jmh.domain.Account,java.lang.Double>","false","285299f7762bcb80cba3cf3674366dad10784070f1d2e7f1031d73aaf22835a3","1"
"eclipse/eclipse-collections","94a8f433bd920565f2fa1a57524f61576a898104","1490997600","1.12","1.8","1.8","org.eclipse.collections.impl.jmh.SumByDoubleTest","sumByAccount_serial_lazy_streams_ec","","","","","","","BOTH_UNSET","BOTH_UNSET","BOTH_UNSET","","","","","","","BOTH_UNSET","BOTH_UNSET","BOTH_UNSET","","","","","","","true","true","","false","false","","false","false","","false","false","","1","","0","0","0","false","false","false","false","false","","","0","0","0","java.util.Map<org.eclipse.collections.impl.jmh.domain.Account,java.lang.Double>","false","ae951cd8f7cd06db3eb25edd37eae2eaa3a20af486fd68eff92b662e312443f2","1"
"eclipse/eclipse-collections","94a8f433bd920565f2fa1a57524f61576a898104","1490997600","1.12","1.8","1.8","org.eclipse.collections.impl.jmh.SumByDoubleTest","sumByCategory_serial_lazy_jdk","","","","","","","BOTH_UNSET","BOTH_UNSET","BOTH_UNSET","","","","","","","BOTH_UNSET","BOTH_UNSET","BOTH_UNSET","","","","","","","true","true","","false","false","","false","false","","false","false","","1","","0","0","0","false","false","false","false","false","","","0","0","0","java.util.Map<java.lang.String,java.lang.Double>","false","5e8ae3a417c3b6e85b8f0e03456efd654be7438374167ba6b19e40607b140d8b","1"
"eclipse/eclipse-collections","94a8f433bd920565f2fa1a57524f61576a898104","1490997600","1.12","1.8","1.8","org.eclipse.collections.impl.jmh.SumByDoubleTest","sumByCategory_serial_lazy_streams_ec","","","","","","","BOTH_UNSET","BOTH_UNSET","BOTH_UNSET","","","","","","","BOTH_UNSET","BOTH_UNSET","BOTH_UNSET","","","","","","","true","true","","false","false","","false","false","","false","false","","1","","0","0","0","false","false","false","false","false","","","0","0","0","java.util.Map<java.lang.String,java.lang.Double>","false","9f6b168e0ced397338845f170b8ed017d698812c7b9721d7c2b8c25b6800290b","1"
"eclipse/eclipse-collections","94a8f433bd920565f2fa1a57524f61576a898104","1490997600","1.12","1.8","1.8","org.eclipse.collections.impl.jmh.SumByDoubleTest","sumByProduct_parallel_lazy_jdk","","","","","","","BOTH_UNSET","BOTH_UNSET","BOTH_UNSET","","","","","","","BOTH_UNSET","BOTH_UNSET","BOTH_UNSET","","","","","","","true","true","","false","false","","false","false","","false","false","","1","","0","0","0","false","false","false","false","false","","","0","0","0","java.util.Map<org.eclipse.collections.impl.jmh.domain.Product,java.lang.Double>","false","feb77c41e3d7c173d7fd68d80f4f8569e703aa827c647bc7ce1d7d47de230e8f","1"
"eclipse/eclipse-collections","94a8f433bd920565f2fa1a57524f61576a898104","1490997600","1.12","1.8","1.8","org.eclipse.collections.impl.jmh.SumByDoubleTest","sumByProduct_parallel_lazy_streams_ec","","","","","","","BOTH_UNSET","BOTH_UNSET","BOTH_UNSET","","","","","","","BOTH_UNSET","BOTH_UNSET","BOTH_UNSET","","","","","","","true","true","","false","false","","false","false","","false","false","","1","","0","0","0","false","false","false","false","false","","","0","0","0","java.util.Map<org.eclipse.collections.impl.jmh.domain.Product,java.lang.Double>","false","266d6459182071983ecb364d8624178035586cf488c64ce5c425a934b053803e","1"
"eclipse/eclipse-collections","94a8f433bd920565f2fa1a57524f61576a898104","1490997600","1.12","1.8","1.8","org.eclipse.collections.impl.jmh.SumByDoubleTest","sumByAccount_parallel_lazy_jdk","","","","","","","BOTH_UNSET","BOTH_UNSET","BOTH_UNSET","","","","","","","BOTH_UNSET","BOTH_UNSET","BOTH_UNSET","","","","","","","true","true","","false","false","","false","false","","false","false","","1","","0","0","0","false","false","false","false","false","","","0","0","0","java.util.Map<org.eclipse.collections.impl.jmh.domain.Account,java.lang.Double>","false","5824345f97d753ddb0b6e3842b07c4f403c0b2549ee6491b3d00d0cee388fd1a","1"
"eclipse/eclipse-collections","94a8f433bd920565f2fa1a57524f61576a898104","1490997600","1.12","1.8","1.8","org.eclipse.collections.impl.jmh.SumByDoubleTest","sumByAccount_parallel_lazy_streams_ec","","","","","","","BOTH_UNSET","BOTH_UNSET","BOTH_UNSET","","","","","","","BOTH_UNSET","BOTH_UNSET","BOTH_UNSET","","","","","","","true","true","","false","false","","false","false","","false","false","","1","","0","0","0","false","false","false","false","false","","","0","0","0","java.util.Map<org.eclipse.collections.impl.jmh.domain.Account,java.lang.Double>","false","58ae7213e9e0c355c739ffddd4f452b2340d921d5d54eb4e4b73a7d7f1656588","1"
"eclipse/eclipse-collections","94a8f433bd920565f2fa1a57524f61576a898104","1490997600","1.12","1.8","1.8","org.eclipse.collections.impl.jmh.SumByDoubleTest","sumByCategory_parallel_lazy_jdk","","","","","","","BOTH_UNSET","BOTH_UNSET","BOTH_UNSET","","","","","","","BOTH_UNSET","BOTH_UNSET","BOTH_UNSET","","","","","","","true","true","","false","false","","false","false","","false","false","","1","","0","0","0","false","false","false","false","false","","","0","0","0","java.util.Map<java.lang.String,java.lang.Double>","false","5c3659cae779fd042122dc117c5e96f961122cbf622a6888fb8a7aaf60f3c410","1"
"eclipse/eclipse-collections","94a8f433bd920565f2fa1a57524f61576a898104","1490997600","1.12","1.8","1.8","org.eclipse.collections.impl.jmh.SumByDoubleTest","sumByCategory_parallel_lazy_streams_ec","","","","","","","BOTH_UNSET","BOTH_UNSET","BOTH_UNSET","","","","","","","BOTH_UNSET","BOTH_UNSET","BOTH_UNSET","","","","","","","true","true","","false","false","","false","false","","false","false","","1","","0","0","0","false","false","false","false","false","","","0","0","0","java.util.Map<java.lang.String,java.lang.Double>","false","6a1f60443a1c6c013ae9b9250243d4800ecaae3ffa171043c78266449bfb4924","1"
"eclipse/eclipse-collections","94a8f433bd920565f2fa1a57524f61576a898104","1490997600","1.12","1.8","1.8","org.eclipse.collections.impl.jmh.SumByDoubleTest","sumByProduct_serial_eager_ec","","","","","","","BOTH_UNSET","BOTH_UNSET","BOTH_UNSET","","","","","","","BOTH_UNSET","BOTH_UNSET","BOTH_UNSET","","","","","","","true","true","","false","false","","false","false","","false","false","","1","","0","0","0","false","false","false","false","false","","","0","0","0","org.eclipse.collections.impl.jmh.ObjectDoubleMap","false","7ecfd30d333c48b91ba102f2b161e045e5d4e9b81d173635b9869d279c568b02","1"
"eclipse/eclipse-collections","94a8f433bd920565f2fa1a57524f61576a898104","1490997600","1.12","1.8","1.8","org.eclipse.collections.impl.jmh.SumByDoubleTest","sumByProduct_parallel_eager_ec","","","","","","","BOTH_UNSET","BOTH_UNSET","BOTH_UNSET","","","","","","","BOTH_UNSET","BOTH_UNSET","BOTH_UNSET","","","","","","","true","true","","false","false","","false","false","","false","false","","1","","0","0","0","false","false","false","false","false","","","0","0","0","org.eclipse.collections.impl.jmh.ObjectDoubleMap","false","bc2caa6b7c25c112ced5333392da248f7250f399544d981defe751a0b3bf3be7","1"
"eclipse/eclipse-collections","94a8f433bd920565f2fa1a57524f61576a898104","1490997600","1.12","1.8","1.8","org.eclipse.collections.impl.jmh.SumByDoubleTest","sumByAccount_serial_eager_ec","","","","","","","BOTH_UNSET","BOTH_UNSET","BOTH_UNSET","","","","","","","BOTH_UNSET","BOTH_UNSET","BOTH_UNSET","","","","","","","true","true","","false","false","","false","false","","false","false","","1","","0","0","0","false","false","false","false","false","","","0","0","0","org.eclipse.collections.impl.jmh.ObjectDoubleMap","false","e536daf74abe7c3f1cdcbf9004c0778324ec09ef2c160281cccf35d877b90b1b","1"
"eclipse/eclipse-collections","94a8f433bd920565f2fa1a57524f61576a898104","1490997600","1.12","1.8","1.8","org.eclipse.collections.impl.jmh.SumByDoubleTest","sumByAccount_parallel_eager_ec","","","","","","","BOTH_UNSET","BOTH_UNSET","BOTH_UNSET","","","","","","","BOTH_UNSET","BOTH_UNSET","BOTH_UNSET","","","","","","","true","true","","false","false","","false","false","","false","false","","1","","0","0","0","false","false","false","false","false","","","0","0","0","org.eclipse.collections.impl.jmh.ObjectDoubleMap","false","83d36e71cc276140efa77e0f03aa8c0df12cfb7c1ee66c2a1b75ac969afc7040","1"
"eclipse/eclipse-collections","94a8f433bd920565f2fa1a57524f61576a898104","1490997600","1.12","1.8","1.8","org.eclipse.collections.impl.jmh.SumByDoubleTest","sumByCategory_serial_eager_ec","","","","","","","BOTH_UNSET","BOTH_UNSET","BOTH_UNSET","","","","","","","BOTH_UNSET","BOTH_UNSET","BOTH_UNSET","","","","","","","true","true","","false","false","","false","false","","false","false","","1","","0","0","0","false","false","false","false","false","","","0","0","0","org.eclipse.collections.impl.jmh.ObjectDoubleMap","false","8ad33f8bf6a0b948375143e4b9dedf94a9202673c2a2f84f42bc1b708c16fdf6","1"
"eclipse/eclipse-collections","94a8f433bd920565f2fa1a57524f61576a898104","1490997600","1.12","1.8","1.8","org.eclipse.collections.impl.jmh.SumByDoubleTest","sumByCategory_parallel_eager_ec","","","","","","","BOTH_UNSET","BOTH_UNSET","BOTH_UNSET","","","","","","","BOTH_UNSET","BOTH_UNSET","BOTH_UNSET","","","","","","","true","true","","false","false","","false","false","","false","false","","1","","0","0","0","false","false","false","false","false","","","0","0","0","org.eclipse.collections.impl.jmh.ObjectDoubleMap","false","1f87c376865054e85dc971dd755f3e2e931593d33964b7cb5124ec7cf9bca8ed","1"
"eclipse/eclipse-collections","94a8f433bd920565f2fa1a57524f61576a898104","1490997600","1.12","1.8","1.8","org.eclipse.collections.impl.jmh.MinByDoubleTest","minByMarketValue_serial_lazy_direct_methodref_jdk","","","","","","","BOTH_UNSET","BOTH_UNSET","BOTH_UNSET","","","","","","","BOTH_UNSET","BOTH_UNSET","BOTH_UNSET","","","","","","","true","true","","false","false","","false","false","","false","false","","1","","0","0","0","false","false","false","false","false","","","0","0","0","org.eclipse.collections.impl.jmh.domain.Position","false","c1550f9050642c45fcf2728206a6e92a67c74ca7990aa501f718fd60c8d25039","1"
"eclipse/eclipse-collections","94a8f433bd920565f2fa1a57524f61576a898104","1490997600","1.12","1.8","1.8","org.eclipse.collections.impl.jmh.MinByDoubleTest","minByMarketValue_serial_lazy_direct_lambda_jdk","","","","","","","BOTH_UNSET","BOTH_UNSET","BOTH_UNSET","","","","","","","BOTH_UNSET","BOTH_UNSET","BOTH_UNSET","","","","","","","true","true","","false","false","","false","false","","false","false","","1","","0","0","0","false","false","false","false","false","","","0","0","0","org.eclipse.collections.impl.jmh.domain.Position","false","a39f56f4c40aa7c0465fc0216605b7c03b315f397cdfffc4bb9bfd17c8abd7b5","1"
"eclipse/eclipse-collections","94a8f433bd920565f2fa1a57524f61576a898104","1490997600","1.12","1.8","1.8","org.eclipse.collections.impl.jmh.MinByDoubleTest","minByMarketValue_serial_lazy_collect_methodref_jdk","","","","","","","BOTH_UNSET","BOTH_UNSET","BOTH_UNSET","","","","","","","BOTH_UNSET","BOTH_UNSET","BOTH_UNSET","","","","","","","true","true","","false","false","","false","false","","false","false","","1","","0","0","0","false","false","false","false","false","","","0","0","0","org.eclipse.collections.impl.jmh.domain.Position","false","9c53bd280de799c1c1a4e9f01e12acdc78ea1c36b06605a2ab2af38f83c22db7","1"
"eclipse/eclipse-collections","94a8f433bd920565f2fa1a57524f61576a898104","1490997600","1.12","1.8","1.8","org.eclipse.collections.impl.jmh.MinByDoubleTest","minByMarketValue_serial_lazy_collect_lambda_jdk","","","","","","","BOTH_UNSET","BOTH_UNSET","BOTH_UNSET","","","","","","","BOTH_UNSET","BOTH_UNSET","BOTH_UNSET","","","","","","","true","true","","false","false","","false","false","","false","false","","1","","0","0","0","false","false","false","false","false","","","0","0","0","org.eclipse.collections.impl.jmh.domain.Position","false","5426f4f8b7eeee9892c16ea539e5bfb733fc5c21a0f69fa61ad2e311452f0e95","1"
"eclipse/eclipse-collections","94a8f433bd920565f2fa1a57524f61576a898104","1490997600","1.12","1.8","1.8","org.eclipse.collections.impl.jmh.MinByDoubleTest","minByMarketValue_parallel_lazy_direct_methodref_jdk","","","","","","","BOTH_UNSET","BOTH_UNSET","BOTH_UNSET","","","","","","","BOTH_UNSET","BOTH_UNSET","BOTH_UNSET","","","","","","","true","true","","false","false","","false","false","","false","false","","1","","0","0","0","false","false","false","false","false","","","0","0","0","org.eclipse.collections.impl.jmh.domain.Position","false","0a32fcd8caf3f516b253bb68a9e60e0b9a66984fe0bce3cce5df9cd1fedbb205","1"
"eclipse/eclipse-collections","94a8f433bd920565f2fa1a57524f61576a898104","1490997600","1.12","1.8","1.8","org.eclipse.collections.impl.jmh.MinByDoubleTest","minByMarketValue_parallel_lazy_direct_lambda_jdk","","","","","","","BOTH_UNSET","BOTH_UNSET","BOTH_UNSET","","","","","","","BOTH_UNSET","BOTH_UNSET","BOTH_UNSET","","","","","","","true","true","","false","false","","false","false","","false","false","","1","","0","0","0","false","false","false","false","false","","","0","0","0","org.eclipse.collections.impl.jmh.domain.Position","false","555809a010f052a42751d842d0a5fcdde1fac1d02ac3c0d07183641a7d092755","1"
"eclipse/eclipse-collections","94a8f433bd920565f2fa1a57524f61576a898104","1490997600","1.12","1.8","1.8","org.eclipse.collections.impl.jmh.MinByDoubleTest","minByMarketValue_parallel_lazy_collect_methodref_jdk","","","","","","","BOTH_UNSET","BOTH_UNSET","BOTH_UNSET","","","","","","","BOTH_UNSET","BOTH_UNSET","BOTH_UNSET","","","","","","","true","true","","false","false","","false","false","","false","false","","1","","0","0","0","false","false","false","false","false","","","0","0","0","org.eclipse.collections.impl.jmh.domain.Position","false","ecfcded34d389bd371dbb6c4ee54d7b3599c1411b2f48d0aceed8b8c9aac5905","1"
"eclipse/eclipse-collections","94a8f433bd920565f2fa1a57524f61576a898104","1490997600","1.12","1.8","1.8","org.eclipse.collections.impl.jmh.MinByDoubleTest","minByMarketValue_parallel_lazy_collect_lambda_jdk","","","","","","","BOTH_UNSET","BOTH_UNSET","BOTH_UNSET","","","","","","","BOTH_UNSET","BOTH_UNSET","BOTH_UNSET","","","","","","","true","true","","false","false","","false","false","","false","false","","1","","0","0","0","false","false","false","false","false","","","0","0","0","org.eclipse.collections.impl.jmh.domain.Position","false","76fe3a7da170652bd0d03c07bc13112961914c2ff48618334942512e08b8efd6","1"
"eclipse/eclipse-collections","94a8f433bd920565f2fa1a57524f61576a898104","1490997600","1.12","1.8","1.8","org.eclipse.collections.impl.jmh.MinByDoubleTest","minByMarketValue_serial_eager_ec","","","","","","","BOTH_UNSET","BOTH_UNSET","BOTH_UNSET","","","","","","","BOTH_UNSET","BOTH_UNSET","BOTH_UNSET","","","","","","","true","true","","false","false","","false","false","","false","false","","1","","0","0","0","false","false","false","false","false","","","0","0","0","org.eclipse.collections.impl.jmh.domain.Position","false","66354d8152fdb7b76a5375b839095420ffe4cdbf177f65b620230d33bb340f15","1"
"eclipse/eclipse-collections","94a8f433bd920565f2fa1a57524f61576a898104","1490997600","1.12","1.8","1.8","org.eclipse.collections.impl.jmh.MinByDoubleTest","minByMarketValue_serial_lazy_ec","","","","","","","BOTH_UNSET","BOTH_UNSET","BOTH_UNSET","","","","","","","BOTH_UNSET","BOTH_UNSET","BOTH_UNSET","","","","","","","true","true","","false","false","","false","false","","false","false","","1","","0","0","0","false","false","false","false","false","","","0","0","0","org.eclipse.collections.impl.jmh.domain.Position","false","96287b68c742982f6d927f1bcb9b0beec078c32b275f25694c8cf34cf9305519","1"
"eclipse/eclipse-collections","94a8f433bd920565f2fa1a57524f61576a898104","1490997600","1.12","1.8","1.8","org.eclipse.collections.impl.jmh.MinByDoubleTest","minByMarketValue_parallel_lazy_ec","","","","","","","BOTH_UNSET","BOTH_UNSET","BOTH_UNSET","","","","","","","BOTH_UNSET","BOTH_UNSET","BOTH_UNSET","","","","","","","true","true","","false","false","","false","false","","false","false","","1","","0","0","0","false","false","false","false","false","","","0","0","0","org.eclipse.collections.impl.jmh.domain.Position","false","aca56dc36e2919ef04420e62585b634681ccaf3727a3fd9364241cbf5c5ce4b2","1"
"eclipse/eclipse-collections","94a8f433bd920565f2fa1a57524f61576a898104","1490997600","1.12","1.8","1.8","org.eclipse.collections.impl.jmh.AnagramSetTest","serial_eager_scala","","","","","","","BOTH_UNSET","BOTH_UNSET","BOTH_UNSET","","","","","","","BOTH_UNSET","BOTH_UNSET","BOTH_UNSET","","","","","","","true","true","","false","false","","false","false","","false","false","","1","","0","0","0","false","false","false","false","false","","","0","0","0","","false","b22fb69572d5dfff932c152906a4cea90ec52a8c03b529f0fe1cede6c2fd965d","1"
"eclipse/eclipse-collections","94a8f433bd920565f2fa1a57524f61576a898104","1490997600","1.12","1.8","1.8","org.eclipse.collections.impl.jmh.AnagramSetTest","serial_lazy_scala","","","","","","","BOTH_UNSET","BOTH_UNSET","BOTH_UNSET","","","","","","","BOTH_UNSET","BOTH_UNSET","BOTH_UNSET","","","","","","","true","true","","false","false","","false","false","","false","false","","1","","0","0","0","false","false","false","false","false","","","0","0","0","","false","0e33d960d69f984a00b3ca624889d33c942aea2beebb665cf445aa9a357bc3a9","1"
"eclipse/eclipse-collections","94a8f433bd920565f2fa1a57524f61576a898104","1490997600","1.12","1.8","1.8","org.eclipse.collections.impl.jmh.AnagramSetTest","parallel_lazy_scala","","","","","","","BOTH_UNSET","BOTH_UNSET","BOTH_UNSET","","","","","","","BOTH_UNSET","BOTH_UNSET","BOTH_UNSET","","","","","","","true","true","","false","false","","false","false","","false","false","","1","","0","0","0","false","false","false","false","false","","","0","0","0","","false","20269a0efdf3e87e9ccedbc48b417263c3d29b5e013e6feda2046ab9160ba4ba","1"
"eclipse/eclipse-collections","94a8f433bd920565f2fa1a57524f61576a898104","1490997600","1.12","1.8","1.8","org.eclipse.collections.impl.jmh.AnagramSetTest","serial_eager_ec","","","","","","","BOTH_UNSET","BOTH_UNSET","BOTH_UNSET","","","","","","","BOTH_UNSET","BOTH_UNSET","BOTH_UNSET","","","","","","","true","true","","false","false","","false","false","","false","false","","1","","0","0","0","false","false","false","false","false","","","0","0","0","","false","2b48a42c6824a4ba48cc9876ea5f2d56e4fd37f39aef7adc8851104011d44efc","2"
"eclipse/eclipse-collections","94a8f433bd920565f2fa1a57524f61576a898104","1490997600","1.12","1.8","1.8","org.eclipse.collections.impl.jmh.AnagramSetTest","parallel_eager_ec","","","","","","","BOTH_UNSET","BOTH_UNSET","BOTH_UNSET","","","","","","","BOTH_UNSET","BOTH_UNSET","BOTH_UNSET","","","","","","","true","true","","false","false","","false","false","","false","false","","1","","0","0","0","false","false","false","false","false","","","0","0","0","","false","6b092eea0f1218a36f7e28619e98d04bae2e663ff8db0baa1f4debca2b378b54","4"
"eclipse/eclipse-collections","94a8f433bd920565f2fa1a57524f61576a898104","1490997600","1.12","1.8","1.8","org.eclipse.collections.impl.jmh.AnagramSetTest","parallel_lazy_ec","","","","","","","BOTH_UNSET","BOTH_UNSET","BOTH_UNSET","","","","","","","BOTH_UNSET","BOTH_UNSET","BOTH_UNSET","","","","","","","true","true","","false","false","","false","false","","false","false","","1","","0","0","0","false","false","false","false","false","","","0","0","0","","false","563746cde190f4afc42cda0c242cac0bea271245347b041dabc3c07eb311eaeb","3"
"eclipse/eclipse-collections","94a8f433bd920565f2fa1a57524f61576a898104","1490997600","1.12","1.8","1.8","org.eclipse.collections.impl.jmh.AnagramSetTest","parallel_eager_forkjoin_ec","","","","","","","BOTH_UNSET","BOTH_UNSET","BOTH_UNSET","","","","","","","BOTH_UNSET","BOTH_UNSET","BOTH_UNSET","","","","","","","true","true","","false","false","","false","false","","false","false","","1","","0","0","0","false","false","false","false","false","","","0","0","0","","false","eb7c98fc9059283af6453f21d3163d92555547275206e6f08cb4c9f2d7a0cfce","4"
"eclipse/eclipse-collections","94a8f433bd920565f2fa1a57524f61576a898104","1490997600","1.12","1.8","1.8","org.eclipse.collections.impl.jmh.AnagramSetTest","serial_lazy_jdk","","","","","","","BOTH_UNSET","BOTH_UNSET","BOTH_UNSET","","","","","","","BOTH_UNSET","BOTH_UNSET","BOTH_UNSET","","","","","","","true","true","","false","false","","false","false","","false","false","","1","","0","0","0","false","false","false","false","false","","","0","0","0","","false","60f0329a67ef8fefd6d11332951dcfc4ccd0f2250e66e2da0aa6e458ecdb33a6","2"
"eclipse/eclipse-collections","94a8f433bd920565f2fa1a57524f61576a898104","1490997600","1.12","1.8","1.8","org.eclipse.collections.impl.jmh.AnagramSetTest","serial_lazy_streams_ec","","","","","","","BOTH_UNSET","BOTH_UNSET","BOTH_UNSET","","","","","","","BOTH_UNSET","BOTH_UNSET","BOTH_UNSET","","","","","","","true","true","","false","false","","false","false","","false","false","","1","","0","0","0","false","false","false","false","false","","","0","0","0","","false","dee633ecd4846838732f609d9e63127f36199d9b686268d1c449506d8081e821","2"
"eclipse/eclipse-collections","94a8f433bd920565f2fa1a57524f61576a898104","1490997600","1.12","1.8","1.8","org.eclipse.collections.impl.jmh.AnagramSetTest","parallel_lazy_jdk","","","","","","","BOTH_UNSET","BOTH_UNSET","BOTH_UNSET","","","","","","","BOTH_UNSET","BOTH_UNSET","BOTH_UNSET","","","","","","","true","true","","false","false","","false","false","","false","false","","1","","0","0","0","false","false","false","false","false","","","0","0","0","","false","408d0ba6b90575cbe4721a71041c5878dde314683bdd0bf4b4cf0ca12e9374b6","2"
"eclipse/eclipse-collections","94a8f433bd920565f2fa1a57524f61576a898104","1490997600","1.12","1.8","1.8","org.eclipse.collections.impl.jmh.AnagramSetTest","parallel_lazy_streams_ec","","","","","","","BOTH_UNSET","BOTH_UNSET","BOTH_UNSET","","","","","","","BOTH_UNSET","BOTH_UNSET","BOTH_UNSET","","","","","","","true","true","","false","false","","false","false","","false","false","","1","","0","0","0","false","false","false","false","false","","","0","0","0","","false","b809c3ea8bb7aa2a38bd5b6c0706e406f753115cb55a3c86a8a045df83e68f85","2"
"eclipse/eclipse-collections","94a8f433bd920565f2fa1a57524f61576a898104","1490997600","1.12","1.8","1.8","org.eclipse.collections.impl.jmh.LongLongMapSmallStressTest","kolobokeGet","","","","","","","BOTH_UNSET","BOTH_UNSET","BOTH_UNSET","","","","","","","BOTH_UNSET","BOTH_UNSET","BOTH_UNSET","","","","","","","true","true","","false","false","","false","false","","false","false","","2","","0","0","0","false","false","false","false","false","fullyRandom=org.eclipse.collections.impl.jmh.LongLongMapSmallStressTest","fullyRandom=true&fullyRandom=false","1","1","0","","false","60ceade9570fef63ae888baa32b29f819b8839ebe5a1c18325c4272ab9f80d1f","10"
"eclipse/eclipse-collections","94a8f433bd920565f2fa1a57524f61576a898104","1490997600","1.12","1.8","1.8","org.eclipse.collections.impl.jmh.LongLongMapSmallStressTest","ecGet","","","","","","","BOTH_UNSET","BOTH_UNSET","BOTH_UNSET","","","","","","","BOTH_UNSET","BOTH_UNSET","BOTH_UNSET","","","","","","","true","true","","false","false","","false","false","","false","false","","2","","0","0","0","false","false","false","false","false","fullyRandom=org.eclipse.collections.impl.jmh.LongLongMapSmallStressTest","fullyRandom=true&fullyRandom=false","1","1","0","","false","e052f4933fc7649fe08a18ec8fc1d58594f7f6c577e73a9876e2d696d4f73212","10"
"eclipse/eclipse-collections","94a8f433bd920565f2fa1a57524f61576a898104","1490997600","1.12","1.8","1.8","org.eclipse.collections.impl.jmh.LongLongMapSmallStressTest","kolobokePut","","","","","","","BOTH_UNSET","BOTH_UNSET","BOTH_UNSET","","","","","","","BOTH_UNSET","BOTH_UNSET","BOTH_UNSET","","","","","","","true","true","","false","false","","false","false","","false","false","","2","","0","0","0","false","false","false","false","false","fullyRandom=org.eclipse.collections.impl.jmh.LongLongMapSmallStressTest","fullyRandom=true&fullyRandom=false","1","1","0","","false","c4768007db97922c5315d3e25afd3607ba8c28072fee7d67a5e9790f0c52fade","9"
"eclipse/eclipse-collections","94a8f433bd920565f2fa1a57524f61576a898104","1490997600","1.12","1.8","1.8","org.eclipse.collections.impl.jmh.LongLongMapSmallStressTest","ecPut","","","","","","","BOTH_UNSET","BOTH_UNSET","BOTH_UNSET","","","","","","","BOTH_UNSET","BOTH_UNSET","BOTH_UNSET","","","","","","","true","true","","false","false","","false","false","","false","false","","2","","0","0","0","false","false","false","false","false","fullyRandom=org.eclipse.collections.impl.jmh.LongLongMapSmallStressTest","fullyRandom=true&fullyRandom=false","1","1","0","","false","fd668a21204c772a98ec68949133d5cd5c60faab367178bc10d9211cb5398461","9"
"eclipse/eclipse-collections","94a8f433bd920565f2fa1a57524f61576a898104","1490997600","1.12","1.8","1.8","org.eclipse.collections.impl.jmh.LongLongMapSmallStressTest","ecRemove","","","","","","","BOTH_UNSET","BOTH_UNSET","BOTH_UNSET","","","","","","","BOTH_UNSET","BOTH_UNSET","BOTH_UNSET","","","","","","","true","true","","false","false","","false","false","","false","false","","2","","0","0","0","false","false","false","false","false","fullyRandom=org.eclipse.collections.impl.jmh.LongLongMapSmallStressTest","fullyRandom=true&fullyRandom=false","1","1","0","","false","1a04a8f1bf7f4ca614981aa2ab01c8265187f158dbed27d028d075425401a512","9"
"eclipse/eclipse-collections","94a8f433bd920565f2fa1a57524f61576a898104","1490997600","1.12","1.8","1.8","org.eclipse.collections.impl.jmh.LongLongMapSmallStressTest","kolobokeRemove","","","","","","","BOTH_UNSET","BOTH_UNSET","BOTH_UNSET","","","","","","","BOTH_UNSET","BOTH_UNSET","BOTH_UNSET","","","","","","","true","true","","false","false","","false","false","","false","false","","2","","0","0","0","false","false","false","false","false","fullyRandom=org.eclipse.collections.impl.jmh.LongLongMapSmallStressTest","fullyRandom=true&fullyRandom=false","1","1","0","","false","bb5a63bed6bc768ba61f8d31c57fd5c83271f289ea539c3b6f4b61bcfcadae20","9"
"eclipse/eclipse-collections","94a8f433bd920565f2fa1a57524f61576a898104","1490997600","1.12","1.8","1.8","org.eclipse.collections.impl.jmh.FunctionalInterfaceTest","serial_lazy_jdk","20","","20","","","","BOTH_UNSET","BOTH_UNSET","BOTH_UNSET","10","","10","","","","BOTH_UNSET","BOTH_UNSET","BOTH_UNSET","","","","","","","true","true","","false","false","","false","false","","false","false","","4","","0","0","0","false","false","false","false","false","megamorphicWarmupLevel=org.eclipse.collections.impl.jmh.FunctionalInterfaceTest","megamorphicWarmupLevel=0&megamorphicWarmupLevel=1&megamorphicWarmupLevel=2&megamorphicWarmupLevel=3","1","1","0","java.util.List<java.lang.Integer>","false","e3b0c44298fc1c149afbf4c8996fb92427ae41e4649b934ca495991b7852b855","1"
"eclipse/eclipse-collections","94a8f433bd920565f2fa1a57524f61576a898104","1490997600","1.12","1.8","1.8","org.eclipse.collections.impl.jmh.FunctionalInterfaceTest","parallel_lazy_jdk","50","","50","","","","BOTH_UNSET","BOTH_UNSET","BOTH_UNSET","25","","25","","","","BOTH_UNSET","BOTH_UNSET","BOTH_UNSET","","","","","","","true","true","","false","false","","false","false","","false","false","","4","","0","0","0","false","false","false","false","false","megamorphicWarmupLevel=org.eclipse.collections.impl.jmh.FunctionalInterfaceTest","megamorphicWarmupLevel=0&megamorphicWarmupLevel=1&megamorphicWarmupLevel=2&megamorphicWarmupLevel=3","1","1","0","java.util.List<java.lang.Integer>","false","e3b0c44298fc1c149afbf4c8996fb92427ae41e4649b934ca495991b7852b855","1"
"eclipse/eclipse-collections","94a8f433bd920565f2fa1a57524f61576a898104","1490997600","1.12","1.8","1.8","org.eclipse.collections.impl.jmh.FunctionalInterfaceTest","serial_eager_ec","20","","20","","","","BOTH_UNSET","BOTH_UNSET","BOTH_UNSET","10","","10","","","","BOTH_UNSET","BOTH_UNSET","BOTH_UNSET","","","","","","","true","true","","false","false","","false","false","","false","false","","4","","0","0","0","false","false","false","false","false","megamorphicWarmupLevel=org.eclipse.collections.impl.jmh.FunctionalInterfaceTest","megamorphicWarmupLevel=0&megamorphicWarmupLevel=1&megamorphicWarmupLevel=2&megamorphicWarmupLevel=3","1","1","0","org.eclipse.collections.api.list.MutableList<java.lang.Integer>","false","e3b0c44298fc1c149afbf4c8996fb92427ae41e4649b934ca495991b7852b855","1"
"eclipse/eclipse-collections","94a8f433bd920565f2fa1a57524f61576a898104","1490997600","1.12","1.8","1.8","org.eclipse.collections.impl.jmh.FunctionalInterfaceTest","serial_eager_ec_hand_coded","20","","20","","","","BOTH_UNSET","BOTH_UNSET","BOTH_UNSET","10","","10","","","","BOTH_UNSET","BOTH_UNSET","BOTH_UNSET","","","","","","","true","true","","false","false","","false","false","","false","false","","4","","0","0","0","false","false","false","false","false","megamorphicWarmupLevel=org.eclipse.collections.impl.jmh.FunctionalInterfaceTest","megamorphicWarmupLevel=0&megamorphicWarmupLevel=1&megamorphicWarmupLevel=2&megamorphicWarmupLevel=3","1","1","0","org.eclipse.collections.api.list.MutableList<java.lang.Integer>","false","e3b0c44298fc1c149afbf4c8996fb92427ae41e4649b934ca495991b7852b855","1"
"eclipse/eclipse-collections","94a8f433bd920565f2fa1a57524f61576a898104","1490997600","1.12","1.8","1.8","org.eclipse.collections.impl.jmh.FunctionalInterfaceTest","serial_lazy_ec","20","","20","","","","BOTH_UNSET","BOTH_UNSET","BOTH_UNSET","10","","10","","","","BOTH_UNSET","BOTH_UNSET","BOTH_UNSET","","","","","","","true","true","","false","false","","false","false","","false","false","","4","","0","0","0","false","false","false","false","false","megamorphicWarmupLevel=org.eclipse.collections.impl.jmh.FunctionalInterfaceTest","megamorphicWarmupLevel=0&megamorphicWarmupLevel=1&megamorphicWarmupLevel=2&megamorphicWarmupLevel=3","1","1","0","org.eclipse.collections.api.list.MutableList<java.lang.Integer>","false","e3b0c44298fc1c149afbf4c8996fb92427ae41e4649b934ca495991b7852b855","1"
"eclipse/eclipse-collections","94a8f433bd920565f2fa1a57524f61576a898104","1490997600","1.12","1.8","1.8","org.eclipse.collections.impl.jmh.FunctionalInterfaceTest","parallel_eager_ec","50","","50","","","","BOTH_UNSET","BOTH_UNSET","BOTH_UNSET","25","","25","","","","BOTH_UNSET","BOTH_UNSET","BOTH_UNSET","","","","","","","true","true","","false","false","","false","false","","false","false","","4","","0","0","0","false","false","false","false","false","megamorphicWarmupLevel=org.eclipse.collections.impl.jmh.FunctionalInterfaceTest","megamorphicWarmupLevel=0&megamorphicWarmupLevel=1&megamorphicWarmupLevel=2&megamorphicWarmupLevel=3","1","1","0","org.eclipse.collections.api.list.MutableList<java.lang.Integer>","false","e3b0c44298fc1c149afbf4c8996fb92427ae41e4649b934ca495991b7852b855","1"
"eclipse/eclipse-collections","94a8f433bd920565f2fa1a57524f61576a898104","1490997600","1.12","1.8","1.8","org.eclipse.collections.impl.jmh.FunctionalInterfaceTest","parallel_lazy_ec","50","","50","","","","BOTH_UNSET","BOTH_UNSET","BOTH_UNSET","25","","25","","","","BOTH_UNSET","BOTH_UNSET","BOTH_UNSET","","","","","","","true","true","","false","false","","false","false","","false","false","","4","","0","0","0","false","false","false","false","false","megamorphicWarmupLevel=org.eclipse.collections.impl.jmh.FunctionalInterfaceTest","megamorphicWarmupLevel=0&megamorphicWarmupLevel=1&megamorphicWarmupLevel=2&megamorphicWarmupLevel=3","1","1","0","org.eclipse.collections.api.list.MutableList<java.lang.Integer>","false","e3b0c44298fc1c149afbf4c8996fb92427ae41e4649b934ca495991b7852b855","1"
"eclipse/eclipse-collections","94a8f433bd920565f2fa1a57524f61576a898104","1490997600","1.12","1.8","1.8","org.eclipse.collections.impl.jmh.FunctionalInterfaceTest","parallel_eager_ec_hand_coded","50","","50","","","","BOTH_UNSET","BOTH_UNSET","BOTH_UNSET","25","","25","","","","BOTH_UNSET","BOTH_UNSET","BOTH_UNSET","","","","","","","true","true","","false","false","","false","false","","false","false","","4","","0","0","0","false","false","false","false","false","megamorphicWarmupLevel=org.eclipse.collections.impl.jmh.FunctionalInterfaceTest","megamorphicWarmupLevel=0&megamorphicWarmupLevel=1&megamorphicWarmupLevel=2&megamorphicWarmupLevel=3","1","1","0","org.eclipse.collections.impl.list.mutable.CompositeFastList<java.lang.Integer>","false","e3b0c44298fc1c149afbf4c8996fb92427ae41e4649b934ca495991b7852b855","1"
"eclipse/eclipse-collections","94a8f433bd920565f2fa1a57524f61576a898104","1490997600","1.12","1.8","1.8","org.eclipse.collections.impl.jmh.FunctionalInterfaceTest","parallel_lazy_ec_hand_coded","50","","50","","","","BOTH_UNSET","BOTH_UNSET","BOTH_UNSET","25","","25","","","","BOTH_UNSET","BOTH_UNSET","BOTH_UNSET","","","","","","","true","true","","false","false","","false","false","","false","false","","4","","0","0","0","false","false","false","false","false","megamorphicWarmupLevel=org.eclipse.collections.impl.jmh.FunctionalInterfaceTest","megamorphicWarmupLevel=0&megamorphicWarmupLevel=1&megamorphicWarmupLevel=2&megamorphicWarmupLevel=3","1","1","0","org.eclipse.collections.api.list.MutableList<java.lang.Integer>","false","e3b0c44298fc1c149afbf4c8996fb92427ae41e4649b934ca495991b7852b855","1"
"eclipse/eclipse-collections","94a8f433bd920565f2fa1a57524f61576a898104","1490997600","1.12","1.8","1.8","org.eclipse.collections.impl.jmh.FunctionalInterfaceTest","serial_eager_scala","20","","20","","","","BOTH_UNSET","BOTH_UNSET","BOTH_UNSET","10","","10","","","","BOTH_UNSET","BOTH_UNSET","BOTH_UNSET","","","","","","","true","true","","false","false","","false","false","","false","false","","4","","0","0","0","false","false","false","false","false","megamorphicWarmupLevel=org.eclipse.collections.impl.jmh.FunctionalInterfaceTest","megamorphicWarmupLevel=0&megamorphicWarmupLevel=1&megamorphicWarmupLevel=2&megamorphicWarmupLevel=3","1","1","0","","false","3c3fe9aec44be5925513e3b00b5a0c1a685900acc99dd7e1cc51be18c5b58227","1"
"eclipse/eclipse-collections","94a8f433bd920565f2fa1a57524f61576a898104","1490997600","1.12","1.8","1.8","org.eclipse.collections.impl.jmh.FunctionalInterfaceTest","serial_lazy_scala","20","","20","","","","BOTH_UNSET","BOTH_UNSET","BOTH_UNSET","10","","10","","","","BOTH_UNSET","BOTH_UNSET","BOTH_UNSET","","","","","","","true","true","","false","false","","false","false","","false","false","","4","","0","0","0","false","false","false","false","false","megamorphicWarmupLevel=org.eclipse.collections.impl.jmh.FunctionalInterfaceTest","megamorphicWarmupLevel=0&megamorphicWarmupLevel=1&megamorphicWarmupLevel=2&megamorphicWarmupLevel=3","1","1","0","","false","ac7709491ab3620a7a20eec3e64a120c9ffbf114d7b19219a6a7eb627eff140e","1"
"eclipse/eclipse-collections","94a8f433bd920565f2fa1a57524f61576a898104","1490997600","1.12","1.8","1.8","org.eclipse.collections.impl.jmh.FunctionalInterfaceTest","parallel_lazy_scala","50","","50","","","","BOTH_UNSET","BOTH_UNSET","BOTH_UNSET","25","","25","","","","BOTH_UNSET","BOTH_UNSET","BOTH_UNSET","","","","","","","true","true","","false","false","","false","false","","false","false","","4","","0","0","0","false","false","false","false","false","megamorphicWarmupLevel=org.eclipse.collections.impl.jmh.FunctionalInterfaceTest","megamorphicWarmupLevel=0&megamorphicWarmupLevel=1&megamorphicWarmupLevel=2&megamorphicWarmupLevel=3","1","1","0","","false","57ff659e31d66c5528736764981b402abe6598221b9e8339fc8f329c9fabddbc","1"
"eclipse/eclipse-collections","94a8f433bd920565f2fa1a57524f61576a898104","1490997600","1.12","1.8","1.8","org.eclipse.collections.impl.jmh.FunctionalInterfaceTest","parallel_lazy_scala_hand_coded","50","","50","","","","BOTH_UNSET","BOTH_UNSET","BOTH_UNSET","25","","25","","","","BOTH_UNSET","BOTH_UNSET","BOTH_UNSET","","","","","","","true","true","","false","false","","false","false","","false","false","","4","","0","0","0","false","false","false","false","false","megamorphicWarmupLevel=org.eclipse.collections.impl.jmh.FunctionalInterfaceTest","megamorphicWarmupLevel=0&megamorphicWarmupLevel=1&megamorphicWarmupLevel=2&megamorphicWarmupLevel=3","1","1","0","","false","806f39668e07de893aac66297052f1e3390741159c0d11670bc258d585831577","1"
"eclipse/eclipse-collections","94a8f433bd920565f2fa1a57524f61576a898104","1490997600","1.12","1.8","1.8","org.eclipse.collections.impl.jmh.CollectorJoiningTest","serial_lazy_mapToStringJoining_jdk","","","","","","","BOTH_UNSET","BOTH_UNSET","BOTH_UNSET","","","","","","","BOTH_UNSET","BOTH_UNSET","BOTH_UNSET","","","","","","","true","true","","false","false","","false","false","","false","false","","1","","0","0","0","false","false","false","false","false","","","0","0","0","java.lang.String","false","b2664faef3bd54ed25e0102061a864c6def770bcb7a4dbec3aa4a35ecd70b410","1"
"eclipse/eclipse-collections","94a8f433bd920565f2fa1a57524f61576a898104","1490997600","1.12","1.8","1.8","org.eclipse.collections.impl.jmh.CollectorJoiningTest","serial_lazy_mapToStringJoining_ec","","","","","","","BOTH_UNSET","BOTH_UNSET","BOTH_UNSET","","","","","","","BOTH_UNSET","BOTH_UNSET","BOTH_UNSET","","","","","","","true","true","","false","false","","false","false","","false","false","","1","","0","0","0","false","false","false","false","false","","","0","0","0","java.lang.String","false","524e4c998a0131a0ad8d45a41f17b0b80d7db6ca910c6b482d19837d82ae0cc0","1"
"eclipse/eclipse-collections","94a8f433bd920565f2fa1a57524f61576a898104","1490997600","1.12","1.8","1.8","org.eclipse.collections.impl.jmh.CollectorJoiningTest","parallel_lazy_mapToStringJoining_jdk","","","","","","","BOTH_UNSET","BOTH_UNSET","BOTH_UNSET","","","","","","","BOTH_UNSET","BOTH_UNSET","BOTH_UNSET","","","","","","","true","true","","false","false","","false","false","","false","false","","1","","0","0","0","false","false","false","false","false","","","0","0","0","java.lang.String","false","c625f7dfaa519ba707982ac13aea3b5729337527281b8ae19e1a844dee06b22f","1"
"eclipse/eclipse-collections","94a8f433bd920565f2fa1a57524f61576a898104","1490997600","1.12","1.8","1.8","org.eclipse.collections.impl.jmh.CollectorJoiningTest","parallel_lazy_mapToStringJoining_ec","","","","","","","BOTH_UNSET","BOTH_UNSET","BOTH_UNSET","","","","","","","BOTH_UNSET","BOTH_UNSET","BOTH_UNSET","","","","","","","true","true","","false","false","","false","false","","false","false","","1","","0","0","0","false","false","false","false","false","","","0","0","0","java.lang.String","false","d8f292eaa06d53178f69f9ddaf0b5b43feff0c54e6dfb5e002645f000aa72d7c","1"
"eclipse/eclipse-collections","94a8f433bd920565f2fa1a57524f61576a898104","1490997600","1.12","1.8","1.8","org.eclipse.collections.impl.jmh.CollectorJoiningTest","serial_eager_collectToStringJoining_ec","","","","","","","BOTH_UNSET","BOTH_UNSET","BOTH_UNSET","","","","","","","BOTH_UNSET","BOTH_UNSET","BOTH_UNSET","","","","","","","true","true","","false","false","","false","false","","false","false","","1","","0","0","0","false","false","false","false","false","","","0","0","0","java.lang.String","false","c1bb9abed1f6f06bc198b2f53371481916d99e64a35400053e62f03bed54bbe1","1"
"eclipse/eclipse-collections","94a8f433bd920565f2fa1a57524f61576a898104","1490997600","1.12","1.8","1.8","org.eclipse.collections.impl.jmh.CollectorJoiningTest","serial_lazy_collectToStringJoining_ec","","","","","","","BOTH_UNSET","BOTH_UNSET","BOTH_UNSET","","","","","","","BOTH_UNSET","BOTH_UNSET","BOTH_UNSET","","","","","","","true","true","","false","false","","false","false","","false","false","","1","","0","0","0","false","false","false","false","false","","","0","0","0","java.lang.String","false","121f308356a53bd3b3d98fdc331c0710b1fbc9693c4f2339dc361c4cbd421a67","1"
"eclipse/eclipse-collections","94a8f433bd920565f2fa1a57524f61576a898104","1490997600","1.12","1.8","1.8","org.eclipse.collections.impl.jmh.CollectorJoiningTest","serial_eager_makeString_ec","","","","","","","BOTH_UNSET","BOTH_UNSET","BOTH_UNSET","","","","","","","BOTH_UNSET","BOTH_UNSET","BOTH_UNSET","","","","","","","true","true","","false","false","","false","false","","false","false","","1","","0","0","0","false","false","false","false","false","","","0","0","0","java.lang.String","false","7830b2522cd50321ca54bed5176aa16c6797aeb4f997b9e0b4bdf3f5892833ff","1"
"eclipse/eclipse-collections","94a8f433bd920565f2fa1a57524f61576a898104","1490997600","1.12","1.8","1.8","org.eclipse.collections.impl.jmh.CollectorJoiningTest","parallel_lazy_makeString_ec","","","","","","","BOTH_UNSET","BOTH_UNSET","BOTH_UNSET","","","","","","","BOTH_UNSET","BOTH_UNSET","BOTH_UNSET","","","","","","","true","true","","false","false","","false","false","","false","false","","1","","0","0","0","false","false","false","false","false","","","0","0","0","java.lang.String","false","d9e67e23894855dcd2cfa6cbfb63524ed7ef5966cd8f8df7140cd4ba42e20b47","1"
"eclipse/eclipse-collections","94a8f433bd920565f2fa1a57524f61576a898104","1490997600","1.12","1.8","1.8","org.eclipse.collections.impl.jmh.CollectorJoiningTest","serial_eager_primitiveMakeString_ec","","","","","","","BOTH_UNSET","BOTH_UNSET","BOTH_UNSET","","","","","","","BOTH_UNSET","BOTH_UNSET","BOTH_UNSET","","","","","","","true","true","","false","false","","false","false","","false","false","","1","","0","0","0","false","false","false","false","false","","","0","0","0","java.lang.String","false","0d8b61d3b5b11cc26faacb6b40f04f41507f3397ba95585856cf8f0baca9bcb5","1"
"eclipse/eclipse-collections","94a8f433bd920565f2fa1a57524f61576a898104","1490997600","1.12","1.8","1.8","org.eclipse.collections.impl.jmh.PartitionTest","serial_lazy_jdk","","","","","","","BOTH_UNSET","BOTH_UNSET","BOTH_UNSET","","","","","","","BOTH_UNSET","BOTH_UNSET","BOTH_UNSET","","","","","","","true","true","","false","false","","false","false","","false","false","","1","","0","0","0","false","false","false","false","false","","","0","0","0","java.util.Map<java.lang.Boolean,java.util.List<java.lang.Integer>>","false","8e21e728133cb354eb4e660dc00923fc571d11fd07b7d545fce07a841d325bbc","1"
"eclipse/eclipse-collections","94a8f433bd920565f2fa1a57524f61576a898104","1490997600","1.12","1.8","1.8","org.eclipse.collections.impl.jmh.PartitionTest","serial_lazy_streams_ec","","","","","","","BOTH_UNSET","BOTH_UNSET","BOTH_UNSET","","","","","","","BOTH_UNSET","BOTH_UNSET","BOTH_UNSET","","","","","","","true","true","","false","false","","false","false","","false","false","","1","","0","0","0","false","false","false","false","false","","","0","0","0","java.util.Map<java.lang.Boolean,java.util.List<java.lang.Integer>>","false","de51110799e0b9d6f7a98fa96874582f8af2b48afeddcd728cb4e9c54d502db4","1"
"eclipse/eclipse-collections","94a8f433bd920565f2fa1a57524f61576a898104","1490997600","1.12","1.8","1.8","org.eclipse.collections.impl.jmh.PartitionTest","serial_eager_ec","","","","","","","BOTH_UNSET","BOTH_UNSET","BOTH_UNSET","","","","","","","BOTH_UNSET","BOTH_UNSET","BOTH_UNSET","","","","","","","true","true","","false","false","","false","false","","false","false","","1","","0","0","0","false","false","false","false","false","","","0","0","0","org.eclipse.collections.api.partition.list.PartitionMutableList<java.lang.Integer>","false","2b62922d16f3ea0cb72076bd035a516e241b101f1cd6eb07df1dc1c01daf8f90","1"
"eclipse/eclipse-collections","94a8f433bd920565f2fa1a57524f61576a898104","1490997600","1.12","1.8","1.8","org.eclipse.collections.impl.jmh.PartitionTest","serial_lazy_ec","","","","","","","BOTH_UNSET","BOTH_UNSET","BOTH_UNSET","","","","","","","BOTH_UNSET","BOTH_UNSET","BOTH_UNSET","","","","","","","true","true","","false","false","","false","false","","false","false","","1","","0","0","0","false","false","false","false","false","","","0","0","0","org.eclipse.collections.api.partition.PartitionIterable<java.lang.Integer>","false","fd3a09b3933f41414e700cb3d882c3d52e809270e99ad89a97a930a706dc7844","1"
"eclipse/eclipse-collections","94a8f433bd920565f2fa1a57524f61576a898104","1490997600","1.12","1.8","1.8","org.eclipse.collections.impl.jmh.GroupByListTest","groupBy_2_keys_serial_lazy_jdk","","","","","","","BOTH_UNSET","BOTH_UNSET","BOTH_UNSET","","","","","","","BOTH_UNSET","BOTH_UNSET","BOTH_UNSET","","","","","","","true","true","","false","false","","false","false","","false","false","","1","","0","0","0","false","false","false","false","false","","","0","0","0","","false","7fed75a32192de6aaa68514adc898e9fab65979a2f3b679e17bfdb148ddec29e","1"
"eclipse/eclipse-collections","94a8f433bd920565f2fa1a57524f61576a898104","1490997600","1.12","1.8","1.8","org.eclipse.collections.impl.jmh.GroupByListTest","groupBy_2_keys_serial_lazy_streams_ec","","","","","","","BOTH_UNSET","BOTH_UNSET","BOTH_UNSET","","","","","","","BOTH_UNSET","BOTH_UNSET","BOTH_UNSET","","","","","","","true","true","","false","false","","false","false","","false","false","","1","","0","0","0","false","false","false","false","false","","","0","0","0","","false","5195dbbce8245c6f465f9a2d6cd2dd775b591be4a392e834d40b06d61207ae11","1"
"eclipse/eclipse-collections","94a8f433bd920565f2fa1a57524f61576a898104","1490997600","1.12","1.8","1.8","org.eclipse.collections.impl.jmh.GroupByListTest","groupBy_100_keys_serial_lazy_jdk","","","","","","","BOTH_UNSET","BOTH_UNSET","BOTH_UNSET","","","","","","","BOTH_UNSET","BOTH_UNSET","BOTH_UNSET","","","","","","","true","true","","false","false","","false","false","","false","false","","1","","0","0","0","false","false","false","false","false","","","0","0","0","","false","4ba5dc1a8ac540c5c12bde2285b34c4ce86e689bbaaf9b308457d0116aceafb9","1"
"eclipse/eclipse-collections","94a8f433bd920565f2fa1a57524f61576a898104","1490997600","1.12","1.8","1.8","org.eclipse.collections.impl.jmh.GroupByListTest","groupBy_100_keys_serial_lazy_streams_ec","","","","","","","BOTH_UNSET","BOTH_UNSET","BOTH_UNSET","","","","","","","BOTH_UNSET","BOTH_UNSET","BOTH_UNSET","","","","","","","true","true","","false","false","","false","false","","false","false","","1","","0","0","0","false","false","false","false","false","","","0","0","0","","false","6c75f2aea2ea276b811dea608a2688628b22c7858ef434ae0ed598e300b01b1d","1"
"eclipse/eclipse-collections","94a8f433bd920565f2fa1a57524f61576a898104","1490997600","1.12","1.8","1.8","org.eclipse.collections.impl.jmh.GroupByListTest","groupBy_10000_keys_serial_lazy_jdk","","","","","","","BOTH_UNSET","BOTH_UNSET","BOTH_UNSET","","","","","","","BOTH_UNSET","BOTH_UNSET","BOTH_UNSET","","","","","","","true","true","","false","false","","false","false","","false","false","","1","","0","0","0","false","false","false","false","false","","","0","0","0","","false","e3b0c44298fc1c149afbf4c8996fb92427ae41e4649b934ca495991b7852b855","1"
"eclipse/eclipse-collections","94a8f433bd920565f2fa1a57524f61576a898104","1490997600","1.12","1.8","1.8","org.eclipse.collections.impl.jmh.GroupByListTest","groupBy_10000_keys_serial_lazy_streams_ec","","","","","","","BOTH_UNSET","BOTH_UNSET","BOTH_UNSET","","","","","","","BOTH_UNSET","BOTH_UNSET","BOTH_UNSET","","","","","","","true","true","","false","false","","false","false","","false","false","","1","","0","0","0","false","false","false","false","false","","","0","0","0","","false","e3b0c44298fc1c149afbf4c8996fb92427ae41e4649b934ca495991b7852b855","1"
"eclipse/eclipse-collections","94a8f433bd920565f2fa1a57524f61576a898104","1490997600","1.12","1.8","1.8","org.eclipse.collections.impl.jmh.GroupByListTest","groupBy_2_keys_serial_eager_guava","","","","","","","BOTH_UNSET","BOTH_UNSET","BOTH_UNSET","","","","","","","BOTH_UNSET","BOTH_UNSET","BOTH_UNSET","","","","","","","true","true","","false","false","","false","false","","false","false","","1","","0","0","0","false","false","false","false","false","","","0","0","0","","false","d05f6e57a9a3bc873c02228336ef16936c4075262d8b477150b180e92534fc96","1"
"eclipse/eclipse-collections","94a8f433bd920565f2fa1a57524f61576a898104","1490997600","1.12","1.8","1.8","org.eclipse.collections.impl.jmh.GroupByListTest","groupBy_100_keys_serial_eager_guava","","","","","","","BOTH_UNSET","BOTH_UNSET","BOTH_UNSET","","","","","","","BOTH_UNSET","BOTH_UNSET","BOTH_UNSET","","","","","","","true","true","","false","false","","false","false","","false","false","","1","","0","0","0","false","false","false","false","false","","","0","0","0","","false","f90cfa9a83f15419ca0eef6224fe16b09da150260d1b9a395ccb29926a85583d","1"
"eclipse/eclipse-collections","94a8f433bd920565f2fa1a57524f61576a898104","1490997600","1.12","1.8","1.8","org.eclipse.collections.impl.jmh.GroupByListTest","groupBy_10000_keys_serial_eager_guava","","","","","","","BOTH_UNSET","BOTH_UNSET","BOTH_UNSET","","","","","","","BOTH_UNSET","BOTH_UNSET","BOTH_UNSET","","","","","","","true","true","","false","false","","false","false","","false","false","","1","","0","0","0","false","false","false","false","false","","","0","0","0","","false","e3b0c44298fc1c149afbf4c8996fb92427ae41e4649b934ca495991b7852b855","1"
"eclipse/eclipse-collections","94a8f433bd920565f2fa1a57524f61576a898104","1490997600","1.12","1.8","1.8","org.eclipse.collections.impl.jmh.GroupByListTest","groupBy_2_keys_serial_eager_ec","","","","","","","BOTH_UNSET","BOTH_UNSET","BOTH_UNSET","","","","","","","BOTH_UNSET","BOTH_UNSET","BOTH_UNSET","","","","","","","true","true","","false","false","","false","false","","false","false","","1","","0","0","0","false","false","false","false","false","","","0","0","0","","false","861b2899f3aa59e8e9019c38923e3d207a49af4f5205bbebade352868dbd2e18","1"
"eclipse/eclipse-collections","94a8f433bd920565f2fa1a57524f61576a898104","1490997600","1.12","1.8","1.8","org.eclipse.collections.impl.jmh.GroupByListTest","groupBy_100_keys_serial_eager_ec","","","","","","","BOTH_UNSET","BOTH_UNSET","BOTH_UNSET","","","","","","","BOTH_UNSET","BOTH_UNSET","BOTH_UNSET","","","","","","","true","true","","false","false","","false","false","","false","false","","1","","0","0","0","false","false","false","false","false","","","0","0","0","","false","74b208c5e523f59fbfab8141d9d30926e5a7250fdbc2b9a0153f3bb2a1124a84","1"
"eclipse/eclipse-collections","94a8f433bd920565f2fa1a57524f61576a898104","1490997600","1.12","1.8","1.8","org.eclipse.collections.impl.jmh.GroupByListTest","groupBy_10000_keys_serial_eager_ec","","","","","","","BOTH_UNSET","BOTH_UNSET","BOTH_UNSET","","","","","","","BOTH_UNSET","BOTH_UNSET","BOTH_UNSET","","","","","","","true","true","","false","false","","false","false","","false","false","","1","","0","0","0","false","false","false","false","false","","","0","0","0","","false","e3b0c44298fc1c149afbf4c8996fb92427ae41e4649b934ca495991b7852b855","1"
"eclipse/eclipse-collections","94a8f433bd920565f2fa1a57524f61576a898104","1490997600","1.12","1.8","1.8","org.eclipse.collections.impl.jmh.GroupByListTest","groupBy_2_keys_serial_lazy_ec","","","","","","","BOTH_UNSET","BOTH_UNSET","BOTH_UNSET","","","","","","","BOTH_UNSET","BOTH_UNSET","BOTH_UNSET","","","","","","","true","true","","false","false","","false","false","","false","false","","1","","0","0","0","false","false","false","false","false","","","0","0","0","","false","56e76c2fd63ccf44b0034e7a254c761cb8230f858be5649f9bad8b2c86b463c0","1"
"eclipse/eclipse-collections","94a8f433bd920565f2fa1a57524f61576a898104","1490997600","1.12","1.8","1.8","org.eclipse.collections.impl.jmh.GroupByListTest","groupBy_100_keys_serial_lazy_ec","","","","","","","BOTH_UNSET","BOTH_UNSET","BOTH_UNSET","","","","","","","BOTH_UNSET","BOTH_UNSET","BOTH_UNSET","","","","","","","true","true","","false","false","","false","false","","false","false","","1","","0","0","0","false","false","false","false","false","","","0","0","0","","false","3d4e77490ed28c9d73e631ba09a0d7231def3ca631ad46e107259d78bd1236b9","1"
"eclipse/eclipse-collections","94a8f433bd920565f2fa1a57524f61576a898104","1490997600","1.12","1.8","1.8","org.eclipse.collections.impl.jmh.GroupByListTest","groupBy_10000_keys_serial_lazy_ec","","","","","","","BOTH_UNSET","BOTH_UNSET","BOTH_UNSET","","","","","","","BOTH_UNSET","BOTH_UNSET","BOTH_UNSET","","","","","","","true","true","","false","false","","false","false","","false","false","","1","","0","0","0","false","false","false","false","false","","","0","0","0","","false","e3b0c44298fc1c149afbf4c8996fb92427ae41e4649b934ca495991b7852b855","1"
"eclipse/eclipse-collections","94a8f433bd920565f2fa1a57524f61576a898104","1490997600","1.12","1.8","1.8","org.eclipse.collections.impl.jmh.GroupByListTest","groupBy_2_keys_serial_eager_scala","","","","","","","BOTH_UNSET","BOTH_UNSET","BOTH_UNSET","","","","","","","BOTH_UNSET","BOTH_UNSET","BOTH_UNSET","","","","","","","true","true","","false","false","","false","false","","false","false","","1","","0","0","0","false","false","false","false","false","","","0","0","0","","false","9fd5ef56e515923bd6884cb96d397dd6445f4eec39a1554529e74d0267a21fb9","1"
"eclipse/eclipse-collections","94a8f433bd920565f2fa1a57524f61576a898104","1490997600","1.12","1.8","1.8","org.eclipse.collections.impl.jmh.GroupByListTest","groupBy_100_keys_serial_eager_scala","","","","","","","BOTH_UNSET","BOTH_UNSET","BOTH_UNSET","","","","","","","BOTH_UNSET","BOTH_UNSET","BOTH_UNSET","","","","","","","true","true","","false","false","","false","false","","false","false","","1","","0","0","0","false","false","false","false","false","","","0","0","0","","false","46b3572ea106381e3c08f07442362f082ae6aac62301fc803e1e85f6501abbd7","1"
"eclipse/eclipse-collections","94a8f433bd920565f2fa1a57524f61576a898104","1490997600","1.12","1.8","1.8","org.eclipse.collections.impl.jmh.GroupByListTest","groupBy_10000_keys_serial_eager_scala","","","","","","","BOTH_UNSET","BOTH_UNSET","BOTH_UNSET","","","","","","","BOTH_UNSET","BOTH_UNSET","BOTH_UNSET","","","","","","","true","true","","false","false","","false","false","","false","false","","1","","0","0","0","false","false","false","false","false","","","0","0","0","","false","e1c7680ead942295ecce2cfe75de11aae3537fd21ffbb8df5cc52874aa29073a","1"
"eclipse/eclipse-collections","94a8f433bd920565f2fa1a57524f61576a898104","1490997600","1.12","1.8","1.8","org.eclipse.collections.impl.jmh.GroupByListTest","groupBy_2_keys_serial_lazy_scala","","","","","","","BOTH_UNSET","BOTH_UNSET","BOTH_UNSET","","","","","","","BOTH_UNSET","BOTH_UNSET","BOTH_UNSET","","","","","","","true","true","","false","false","","false","false","","false","false","","1","","0","0","0","false","false","false","false","false","","","0","0","0","","false","87f91b5ea17b394322d6bdabf0d37b7bf77e68d508054fdf286c34515b41255b","1"
"eclipse/eclipse-collections","94a8f433bd920565f2fa1a57524f61576a898104","1490997600","1.12","1.8","1.8","org.eclipse.collections.impl.jmh.GroupByListTest","groupBy_100_keys_serial_lazy_scala","","","","","","","BOTH_UNSET","BOTH_UNSET","BOTH_UNSET","","","","","","","BOTH_UNSET","BOTH_UNSET","BOTH_UNSET","","","","","","","true","true","","false","false","","false","false","","false","false","","1","","0","0","0","false","false","false","false","false","","","0","0","0","","false","e9fe95f37a7aa8c035d065631645914a751399324759a5d0a47a95060d67dab5","1"
"eclipse/eclipse-collections","94a8f433bd920565f2fa1a57524f61576a898104","1490997600","1.12","1.8","1.8","org.eclipse.collections.impl.jmh.GroupByListTest","groupBy_10000_keys_serial_lazy_scala","","","","","","","BOTH_UNSET","BOTH_UNSET","BOTH_UNSET","","","","","","","BOTH_UNSET","BOTH_UNSET","BOTH_UNSET","","","","","","","true","true","","false","false","","false","false","","false","false","","1","","0","0","0","false","false","false","false","false","","","0","0","0","","false","7c917b5a620345d574910a977ecd70f6607d4296feaed7888be741c45e78acea","1"
"eclipse/eclipse-collections","94a8f433bd920565f2fa1a57524f61576a898104","1490997600","1.12","1.8","1.8","org.eclipse.collections.impl.jmh.LongLongMapLargeStressTest","kolobokeGet","","","","","","","BOTH_UNSET","BOTH_UNSET","BOTH_UNSET","","","","","","","BOTH_UNSET","BOTH_UNSET","BOTH_UNSET","","","","","","","true","true","","false","false","","false","false","","false","false","","2","","0","0","0","false","false","false","false","false","fullyRandom=org.eclipse.collections.impl.jmh.LongLongMapLargeStressTest","fullyRandom=true&fullyRandom=false","1","1","0","","false","60ceade9570fef63ae888baa32b29f819b8839ebe5a1c18325c4272ab9f80d1f","10"
"eclipse/eclipse-collections","94a8f433bd920565f2fa1a57524f61576a898104","1490997600","1.12","1.8","1.8","org.eclipse.collections.impl.jmh.LongLongMapLargeStressTest","ecGet","","","","","","","BOTH_UNSET","BOTH_UNSET","BOTH_UNSET","","","","","","","BOTH_UNSET","BOTH_UNSET","BOTH_UNSET","","","","","","","true","true","","false","false","","false","false","","false","false","","2","","0","0","0","false","false","false","false","false","fullyRandom=org.eclipse.collections.impl.jmh.LongLongMapLargeStressTest","fullyRandom=true&fullyRandom=false","1","1","0","","false","e052f4933fc7649fe08a18ec8fc1d58594f7f6c577e73a9876e2d696d4f73212","10"
"eclipse/eclipse-collections","94a8f433bd920565f2fa1a57524f61576a898104","1490997600","1.12","1.8","1.8","org.eclipse.collections.impl.jmh.LongLongMapLargeStressTest","kolobokePut","","","","","","","BOTH_UNSET","BOTH_UNSET","BOTH_UNSET","","","","","","","BOTH_UNSET","BOTH_UNSET","BOTH_UNSET","","","","","","","true","true","","false","false","","false","false","","false","false","","2","","0","0","0","false","false","false","false","false","fullyRandom=org.eclipse.collections.impl.jmh.LongLongMapLargeStressTest","fullyRandom=true&fullyRandom=false","1","1","0","","false","c4768007db97922c5315d3e25afd3607ba8c28072fee7d67a5e9790f0c52fade","9"
"eclipse/eclipse-collections","94a8f433bd920565f2fa1a57524f61576a898104","1490997600","1.12","1.8","1.8","org.eclipse.collections.impl.jmh.LongLongMapLargeStressTest","ecPut","","","","","","","BOTH_UNSET","BOTH_UNSET","BOTH_UNSET","","","","","","","BOTH_UNSET","BOTH_UNSET","BOTH_UNSET","","","","","","","true","true","","false","false","","false","false","","false","false","","2","","0","0","0","false","false","false","false","false","fullyRandom=org.eclipse.collections.impl.jmh.LongLongMapLargeStressTest","fullyRandom=true&fullyRandom=false","1","1","0","","false","fd668a21204c772a98ec68949133d5cd5c60faab367178bc10d9211cb5398461","9"
"eclipse/eclipse-collections","94a8f433bd920565f2fa1a57524f61576a898104","1490997600","1.12","1.8","1.8","org.eclipse.collections.impl.jmh.LongLongMapLargeStressTest","ecRemove","","","","","","","BOTH_UNSET","BOTH_UNSET","BOTH_UNSET","","","","","","","BOTH_UNSET","BOTH_UNSET","BOTH_UNSET","","","","","","","true","true","","false","false","","false","false","","false","false","","2","","0","0","0","false","false","false","false","false","fullyRandom=org.eclipse.collections.impl.jmh.LongLongMapLargeStressTest","fullyRandom=true&fullyRandom=false","1","1","0","","false","1a04a8f1bf7f4ca614981aa2ab01c8265187f158dbed27d028d075425401a512","9"
"eclipse/eclipse-collections","94a8f433bd920565f2fa1a57524f61576a898104","1490997600","1.12","1.8","1.8","org.eclipse.collections.impl.jmh.LongLongMapLargeStressTest","kolobokeRemove","","","","","","","BOTH_UNSET","BOTH_UNSET","BOTH_UNSET","","","","","","","BOTH_UNSET","BOTH_UNSET","BOTH_UNSET","","","","","","","true","true","","false","false","","false","false","","false","false","","2","","0","0","0","false","false","false","false","false","fullyRandom=org.eclipse.collections.impl.jmh.LongLongMapLargeStressTest","fullyRandom=true&fullyRandom=false","1","1","0","","false","bb5a63bed6bc768ba61f8d31c57fd5c83271f289ea539c3b6f4b61bcfcadae20","9"
"eclipse/eclipse-collections","94a8f433bd920565f2fa1a57524f61576a898104","1490997600","1.12","1.8","1.8","org.eclipse.collections.impl.jmh.SumOfIntTest","serial_lazy_mapToIntSum_jdk","","","","","","","BOTH_UNSET","BOTH_UNSET","BOTH_UNSET","","","","","","","BOTH_UNSET","BOTH_UNSET","BOTH_UNSET","","","","","","","true","true","","false","false","","false","false","","false","false","","1","","0","0","0","false","false","false","false","false","","","0","0","0","int","false","d4980e979829f183a9d4105413c99b8f58eeecc078460ea6c56b28f5f6eb2b67","1"
"eclipse/eclipse-collections","94a8f433bd920565f2fa1a57524f61576a898104","1490997600","1.12","1.8","1.8","org.eclipse.collections.impl.jmh.SumOfIntTest","serial_lazy_mapToIntSum_streams_ec","","","","","","","BOTH_UNSET","BOTH_UNSET","BOTH_UNSET","","","","","","","BOTH_UNSET","BOTH_UNSET","BOTH_UNSET","","","","","","","true","true","","false","false","","false","false","","false","false","","1","","0","0","0","false","false","false","false","false","","","0","0","0","int","false","ca41de20e0b36728f7b884079c0ed2745abbd37095e397a4deb4df19b292ab75","1"
"eclipse/eclipse-collections","94a8f433bd920565f2fa1a57524f61576a898104","1490997600","1.12","1.8","1.8","org.eclipse.collections.impl.jmh.SumOfIntTest","serial_lazy_mapToLongSum_jdk","","","","","","","BOTH_UNSET","BOTH_UNSET","BOTH_UNSET","","","","","","","BOTH_UNSET","BOTH_UNSET","BOTH_UNSET","","","","","","","true","true","","false","false","","false","false","","false","false","","1","","0","0","0","false","false","false","false","false","","","0","0","0","long","false","27b5764a48c01f70f11f5cb10f7a43c549965996475033c65839c1fa17458a8b","1"
"eclipse/eclipse-collections","94a8f433bd920565f2fa1a57524f61576a898104","1490997600","1.12","1.8","1.8","org.eclipse.collections.impl.jmh.SumOfIntTest","serial_lazy_mapToLongSum_streams_ec","","","","","","","BOTH_UNSET","BOTH_UNSET","BOTH_UNSET","","","","","","","BOTH_UNSET","BOTH_UNSET","BOTH_UNSET","","","","","","","true","true","","false","false","","false","false","","false","false","","1","","0","0","0","false","false","false","false","false","","","0","0","0","long","false","36c2add4a6aa88edce5aba8d55c6d34013e233b1d1bda07b03199915b4c5c015","1"
"eclipse/eclipse-collections","94a8f433bd920565f2fa1a57524f61576a898104","1490997600","1.12","1.8","1.8","org.eclipse.collections.impl.jmh.SumOfIntTest","parallel_lazy_mapToIntSum_jdk","","","","","","","BOTH_UNSET","BOTH_UNSET","BOTH_UNSET","","","","","","","BOTH_UNSET","BOTH_UNSET","BOTH_UNSET","","","","","","","true","true","","false","false","","false","false","","false","false","","1","","0","0","0","false","false","false","false","false","","","0","0","0","int","false","7ff03a839f1dc7f57ea0704f6e8bc57301fd4222200e712078338ba2bae466f8","1"
"eclipse/eclipse-collections","94a8f433bd920565f2fa1a57524f61576a898104","1490997600","1.12","1.8","1.8","org.eclipse.collections.impl.jmh.SumOfIntTest","parallel_lazy_mapToIntSum_streams_ec","","","","","","","BOTH_UNSET","BOTH_UNSET","BOTH_UNSET","","","","","","","BOTH_UNSET","BOTH_UNSET","BOTH_UNSET","","","","","","","true","true","","false","false","","false","false","","false","false","","1","","0","0","0","false","false","false","false","false","","","0","0","0","int","false","7d525e648f0fa0ac037532277959dae093badc807d9962427b0d6a939e95cc63","1"
"eclipse/eclipse-collections","94a8f433bd920565f2fa1a57524f61576a898104","1490997600","1.12","1.8","1.8","org.eclipse.collections.impl.jmh.SumOfIntTest","parallel_lazy_mapToLongSum_jdk","","","","","","","BOTH_UNSET","BOTH_UNSET","BOTH_UNSET","","","","","","","BOTH_UNSET","BOTH_UNSET","BOTH_UNSET","","","","","","","true","true","","false","false","","false","false","","false","false","","1","","0","0","0","false","false","false","false","false","","","0","0","0","long","false","9a369db3258f785e81439ae36d4bb79b437f30bc2afa7581264b52c9896f872a","1"
"eclipse/eclipse-collections","94a8f433bd920565f2fa1a57524f61576a898104","1490997600","1.12","1.8","1.8","org.eclipse.collections.impl.jmh.SumOfIntTest","parallel_lazy_mapToLongSum_streams_ec","","","","","","","BOTH_UNSET","BOTH_UNSET","BOTH_UNSET","","","","","","","BOTH_UNSET","BOTH_UNSET","BOTH_UNSET","","","","","","","true","true","","false","false","","false","false","","false","false","","1","","0","0","0","false","false","false","false","false","","","0","0","0","long","false","277dbab562785eaa413f2a99a8176ac3cf2414e61ed066d3ace97c021e2dbbeb","1"
"eclipse/eclipse-collections","94a8f433bd920565f2fa1a57524f61576a898104","1490997600","1.12","1.8","1.8","org.eclipse.collections.impl.jmh.SumOfIntTest","serial_eager_directSumOfInt_ec","","","","","","","BOTH_UNSET","BOTH_UNSET","BOTH_UNSET","","","","","","","BOTH_UNSET","BOTH_UNSET","BOTH_UNSET","","","","","","","true","true","","false","false","","false","false","","false","false","","1","","0","0","0","false","false","false","false","false","","","0","0","0","long","false","b513bcd92ccc1fa34cb228b9bb29a8e445aef52f0bd6eded51c7f5143d6d9417","1"
"eclipse/eclipse-collections","94a8f433bd920565f2fa1a57524f61576a898104","1490997600","1.12","1.8","1.8","org.eclipse.collections.impl.jmh.SumOfIntTest","serial_eager_collectIntSum_ec","","","","","","","BOTH_UNSET","BOTH_UNSET","BOTH_UNSET","","","","","","","BOTH_UNSET","BOTH_UNSET","BOTH_UNSET","","","","","","","true","true","","false","false","","false","false","","false","false","","1","","0","0","0","false","false","false","false","false","","","0","0","0","long","false","9656fc859d33788b211653cad3a40dce19f5756be06d18183f372b7ec40c1591","1"
"eclipse/eclipse-collections","94a8f433bd920565f2fa1a57524f61576a898104","1490997600","1.12","1.8","1.8","org.eclipse.collections.impl.jmh.SumOfIntTest","serial_lazy_collectIntSum_ec","","","","","","","BOTH_UNSET","BOTH_UNSET","BOTH_UNSET","","","","","","","BOTH_UNSET","BOTH_UNSET","BOTH_UNSET","","","","","","","true","true","","false","false","","false","false","","false","false","","1","","0","0","0","false","false","false","false","false","","","0","0","0","long","false","8784efd0dc86cb0ff3102c1ec7c05f0530fcaa07826cc15ade7daef987246565","1"
"eclipse/eclipse-collections","94a8f433bd920565f2fa1a57524f61576a898104","1490997600","1.12","1.8","1.8","org.eclipse.collections.impl.jmh.SumOfIntTest","parallel_lazy_sumOfInt_ec","","","","","","","BOTH_UNSET","BOTH_UNSET","BOTH_UNSET","","","","","","","BOTH_UNSET","BOTH_UNSET","BOTH_UNSET","","","","","","","true","true","","false","false","","false","false","","false","false","","1","","0","0","0","false","false","false","false","false","","","0","0","0","long","false","1476f708bd4f5d59e5fa2f2e89f28aad8d8b8f4233313b69e79e4c1009db5e1a","1"
"eclipse/eclipse-collections","94a8f433bd920565f2fa1a57524f61576a898104","1490997600","1.12","1.8","1.8","org.eclipse.collections.impl.jmh.SumOfIntTest","serial_lazy_sumOfInt_ec","","","","","","","BOTH_UNSET","BOTH_UNSET","BOTH_UNSET","","","","","","","BOTH_UNSET","BOTH_UNSET","BOTH_UNSET","","","","","","","true","true","","false","false","","false","false","","false","false","","1","","0","0","0","false","false","false","false","false","","","0","0","0","long","false","febd73ccdd08a635991e697135ba6810aca68d5e804ecd15fee839706b0d83dd","1"
"eclipse/eclipse-collections","94a8f433bd920565f2fa1a57524f61576a898104","1490997600","1.12","1.8","1.8","org.eclipse.collections.impl.jmh.SumOfIntTest","serial_eager_sum_intList","","","","","","","BOTH_UNSET","BOTH_UNSET","BOTH_UNSET","","","","","","","BOTH_UNSET","BOTH_UNSET","BOTH_UNSET","","","","","","","true","true","","false","false","","false","false","","false","false","","1","","0","0","0","false","false","false","false","false","","","0","0","0","long","false","b9cd14c74e5622812010a84aac7344dc21d03f8191394c1cf66125ea11b342c6","1"
"eclipse/eclipse-collections","94a8f433bd920565f2fa1a57524f61576a898104","1490997600","1.12","1.8","1.8","org.eclipse.collections.impl.jmh.MaxTest","serial_lazy_jdk","","","","","","","BOTH_UNSET","BOTH_UNSET","BOTH_UNSET","","","","","","","BOTH_UNSET","BOTH_UNSET","BOTH_UNSET","","","","","","","true","true","","false","false","","false","false","","false","false","","1","","0","0","0","false","false","false","false","false","","","0","0","0","int","false","b7eca0ea792eb69581cdeb6e20b1133fe349b15a9ee974c235632b799ca2e631","1"
"eclipse/eclipse-collections","94a8f433bd920565f2fa1a57524f61576a898104","1490997600","1.12","1.8","1.8","org.eclipse.collections.impl.jmh.MaxTest","serial_lazy_reverse_jdk","","","","","","","BOTH_UNSET","BOTH_UNSET","BOTH_UNSET","","","","","","","BOTH_UNSET","BOTH_UNSET","BOTH_UNSET","","","","","","","true","true","","false","false","","false","false","","false","false","","1","","0","0","0","false","false","false","false","false","","","0","0","0","int","false","41a90d0a903f047c01413c3b9ab5f541b899c79b76c829874aea43a7503cecad","1"
"eclipse/eclipse-collections","94a8f433bd920565f2fa1a57524f61576a898104","1490997600","1.12","1.8","1.8","org.eclipse.collections.impl.jmh.MaxTest","serial_lazy_reverse_streams_ec","","","","","","","BOTH_UNSET","BOTH_UNSET","BOTH_UNSET","","","","","","","BOTH_UNSET","BOTH_UNSET","BOTH_UNSET","","","","","","","true","true","","false","false","","false","false","","false","false","","1","","0","0","0","false","false","false","false","false","","","0","0","0","int","false","cfe05813f54561616d128b2b359b72524c6f1aa83706cd885c658e2e3e72d074","1"
"eclipse/eclipse-collections","94a8f433bd920565f2fa1a57524f61576a898104","1490997600","1.12","1.8","1.8","org.eclipse.collections.impl.jmh.MaxTest","serial_lazy_intstream_jdk","","","","","","","BOTH_UNSET","BOTH_UNSET","BOTH_UNSET","","","","","","","BOTH_UNSET","BOTH_UNSET","BOTH_UNSET","","","","","","","true","true","","false","false","","false","false","","false","false","","1","","0","0","0","false","false","false","false","false","","","0","0","0","int","false","c3429c805340d896517111a8804e97c4356e20c20e73e509588ebe5d91084b55","1"
"eclipse/eclipse-collections","94a8f433bd920565f2fa1a57524f61576a898104","1490997600","1.12","1.8","1.8","org.eclipse.collections.impl.jmh.MaxTest","serial_lazy_intstream_streams_ec","","","","","","","BOTH_UNSET","BOTH_UNSET","BOTH_UNSET","","","","","","","BOTH_UNSET","BOTH_UNSET","BOTH_UNSET","","","","","","","true","true","","false","false","","false","false","","false","false","","1","","0","0","0","false","false","false","false","false","","","0","0","0","int","false","33339283fda08ca0357ef8b86953c1d1f914bb866dd4761dd8236654919f5475","1"
"eclipse/eclipse-collections","94a8f433bd920565f2fa1a57524f61576a898104","1490997600","1.12","1.8","1.8","org.eclipse.collections.impl.jmh.MaxTest","parallel_lazy_jdk","","","","","","","BOTH_UNSET","BOTH_UNSET","BOTH_UNSET","","","","","","","BOTH_UNSET","BOTH_UNSET","BOTH_UNSET","","","","","","","true","true","","false","false","","false","false","","false","false","","1","","0","0","0","false","false","false","false","false","","","0","0","0","int","false","92da093a53f1f287b901f4da5b0ee0cdf912ca539d9abd867a4717a5c9b578b1","1"
"eclipse/eclipse-collections","94a8f433bd920565f2fa1a57524f61576a898104","1490997600","1.12","1.8","1.8","org.eclipse.collections.impl.jmh.MaxTest","parallel_lazy_streams_ec","","","","","","","BOTH_UNSET","BOTH_UNSET","BOTH_UNSET","","","","","","","BOTH_UNSET","BOTH_UNSET","BOTH_UNSET","","","","","","","true","true","","false","false","","false","false","","false","false","","1","","0","0","0","false","false","false","false","false","","","0","0","0","int","false","347f69a4860ae8a6110d0958c8ddccd4164cdf64244f32a055d13372410c94b4","1"
"eclipse/eclipse-collections","94a8f433bd920565f2fa1a57524f61576a898104","1490997600","1.12","1.8","1.8","org.eclipse.collections.impl.jmh.MaxTest","parallel_lazy_reverse_jdk","","","","","","","BOTH_UNSET","BOTH_UNSET","BOTH_UNSET","","","","","","","BOTH_UNSET","BOTH_UNSET","BOTH_UNSET","","","","","","","true","true","","false","false","","false","false","","false","false","","1","","0","0","0","false","false","false","false","false","","","0","0","0","int","false","3eb39c750af22ba71002b10406de7e46ffd14e038f0f8cc70032bf2cf0216477","1"
"eclipse/eclipse-collections","94a8f433bd920565f2fa1a57524f61576a898104","1490997600","1.12","1.8","1.8","org.eclipse.collections.impl.jmh.MaxTest","parallel_lazy_reverse_streams_ec","","","","","","","BOTH_UNSET","BOTH_UNSET","BOTH_UNSET","","","","","","","BOTH_UNSET","BOTH_UNSET","BOTH_UNSET","","","","","","","true","true","","false","false","","false","false","","false","false","","1","","0","0","0","false","false","false","false","false","","","0","0","0","int","false","da05ed9b5c580433d3238c45f63c723f02afde9fd530c7dced4affeb8ec551e7","1"
"eclipse/eclipse-collections","94a8f433bd920565f2fa1a57524f61576a898104","1490997600","1.12","1.8","1.8","org.eclipse.collections.impl.jmh.MaxTest","parallel_lazy_intstream_jdk","","","","","","","BOTH_UNSET","BOTH_UNSET","BOTH_UNSET","","","","","","","BOTH_UNSET","BOTH_UNSET","BOTH_UNSET","","","","","","","true","true","","false","false","","false","false","","false","false","","1","","0","0","0","false","false","false","false","false","","","0","0","0","int","false","fe0961eaa5f514638969af2b4626129acd5751fde52a42dd5e5e60e3c5da2337","1"
"eclipse/eclipse-collections","94a8f433bd920565f2fa1a57524f61576a898104","1490997600","1.12","1.8","1.8","org.eclipse.collections.impl.jmh.MaxTest","parallel_lazy_intstream_streams_ec","","","","","","","BOTH_UNSET","BOTH_UNSET","BOTH_UNSET","","","","","","","BOTH_UNSET","BOTH_UNSET","BOTH_UNSET","","","","","","","true","true","","false","false","","false","false","","false","false","","1","","0","0","0","false","false","false","false","false","","","0","0","0","int","false","2fb6dad45abe7eb3fbccaa794dc3f698a988d05255201a806caf85eec9695931","1"
"eclipse/eclipse-collections","94a8f433bd920565f2fa1a57524f61576a898104","1490997600","1.12","1.8","1.8","org.eclipse.collections.impl.jmh.MaxTest","serial_eager_ec","","","","","","","BOTH_UNSET","BOTH_UNSET","BOTH_UNSET","","","","","","","BOTH_UNSET","BOTH_UNSET","BOTH_UNSET","","","","","","","true","true","","false","false","","false","false","","false","false","","1","","0","0","0","false","false","false","false","false","","","0","0","0","int","false","e33948a57d326c04260ecb506ee638bc25cf4ef16d52e69f7a1d121411aa6875","1"
"eclipse/eclipse-collections","94a8f433bd920565f2fa1a57524f61576a898104","1490997600","1.12","1.8","1.8","org.eclipse.collections.impl.jmh.MaxTest","serial_eager_reverse_ec","","","","","","","BOTH_UNSET","BOTH_UNSET","BOTH_UNSET","","","","","","","BOTH_UNSET","BOTH_UNSET","BOTH_UNSET","","","","","","","true","true","","false","false","","false","false","","false","false","","1","","0","0","0","false","false","false","false","false","","","0","0","0","int","false","220affd468c4e9b36f30210c92941f1755a9879beb5681c8b4d8479a3736ed19","1"
"eclipse/eclipse-collections","94a8f433bd920565f2fa1a57524f61576a898104","1490997600","1.12","1.8","1.8","org.eclipse.collections.impl.jmh.MaxTest","serial_lazy_ec","","","","","","","BOTH_UNSET","BOTH_UNSET","BOTH_UNSET","","","","","","","BOTH_UNSET","BOTH_UNSET","BOTH_UNSET","","","","","","","true","true","","false","false","","false","false","","false","false","","1","","0","0","0","false","false","false","false","false","","","0","0","0","int","false","790825d5ba799e5ecc1540800b5ba2931ef47c0dbff8551674f5def5c1580ab9","1"
"eclipse/eclipse-collections","94a8f433bd920565f2fa1a57524f61576a898104","1490997600","1.12","1.8","1.8","org.eclipse.collections.impl.jmh.MaxTest","serial_lazy_reverse_ec","","","","","","","BOTH_UNSET","BOTH_UNSET","BOTH_UNSET","","","","","","","BOTH_UNSET","BOTH_UNSET","BOTH_UNSET","","","","","","","true","true","","false","false","","false","false","","false","false","","1","","0","0","0","false","false","false","false","false","","","0","0","0","int","false","1f9d74983c633173bf279609dda0aca8470a7f60141e33b5b2454c0b1f5c8d38","1"
"eclipse/eclipse-collections","94a8f433bd920565f2fa1a57524f61576a898104","1490997600","1.12","1.8","1.8","org.eclipse.collections.impl.jmh.MaxTest","parallel_lazy_ec","","","","","","","BOTH_UNSET","BOTH_UNSET","BOTH_UNSET","","","","","","","BOTH_UNSET","BOTH_UNSET","BOTH_UNSET","","","","","","","true","true","","false","false","","false","false","","false","false","","1","","0","0","0","false","false","false","false","false","","","0","0","0","int","false","da6510b6316a429cafd8a4c0138c300bd409ba4a59317dc9211b8cd389d4df3e","1"
"eclipse/eclipse-collections","94a8f433bd920565f2fa1a57524f61576a898104","1490997600","1.12","1.8","1.8","org.eclipse.collections.impl.jmh.MaxTest","parallel_lazy_reverse_ec","","","","","","","BOTH_UNSET","BOTH_UNSET","BOTH_UNSET","","","","","","","BOTH_UNSET","BOTH_UNSET","BOTH_UNSET","","","","","","","true","true","","false","false","","false","false","","false","false","","1","","0","0","0","false","false","false","false","false","","","0","0","0","int","false","15ea4c07361939187c7207e7bf925bb9767119e8a3b0e189999dcd7dbb73ab42","1"
"eclipse/eclipse-collections","94a8f433bd920565f2fa1a57524f61576a898104","1490997600","1.12","1.8","1.8","org.eclipse.collections.impl.jmh.SelectTest","serial_lazy_jdk","","","","","","","BOTH_UNSET","BOTH_UNSET","BOTH_UNSET","","","","","","","BOTH_UNSET","BOTH_UNSET","BOTH_UNSET","","","","","","","true","true","","false","false","","false","false","","false","false","","1","","0","0","0","false","false","false","false","false","","","0","0","0","","false","67ca250a172b30107bd06237b447e95f56f201b259c5600cbaff1518bfd6fa42","2"
"eclipse/eclipse-collections","94a8f433bd920565f2fa1a57524f61576a898104","1490997600","1.12","1.8","1.8","org.eclipse.collections.impl.jmh.SelectTest","serial_lazy_streams_ec","","","","","","","BOTH_UNSET","BOTH_UNSET","BOTH_UNSET","","","","","","","BOTH_UNSET","BOTH_UNSET","BOTH_UNSET","","","","","","","true","true","","false","false","","false","false","","false","false","","1","","0","0","0","false","false","false","false","false","","","0","0","0","","false","1ff76c341150968333b0ceb3c251d140480a2895f839c1194602184d7c785eac","2"
"eclipse/eclipse-collections","94a8f433bd920565f2fa1a57524f61576a898104","1490997600","1.12","1.8","1.8","org.eclipse.collections.impl.jmh.SelectTest","parallel_lazy_jdk","","","","","","","BOTH_UNSET","BOTH_UNSET","BOTH_UNSET","","","","","","","BOTH_UNSET","BOTH_UNSET","BOTH_UNSET","","","","","","","true","true","","false","false","","false","false","","false","false","","1","","0","0","0","false","false","false","false","false","","","0","0","0","","false","829d630c12b340a28d68745501581b66730acec451a3ba28ebcf0bf65937f6d6","2"
"eclipse/eclipse-collections","94a8f433bd920565f2fa1a57524f61576a898104","1490997600","1.12","1.8","1.8","org.eclipse.collections.impl.jmh.SelectTest","parallel_lazy_streams_ec","","","","","","","BOTH_UNSET","BOTH_UNSET","BOTH_UNSET","","","","","","","BOTH_UNSET","BOTH_UNSET","BOTH_UNSET","","","","","","","true","true","","false","false","","false","false","","false","false","","1","","0","0","0","false","false","false","false","false","","","0","0","0","","false","e4da3edc2e50ff342a318edd20c978a7282b9027b986475c70a167989457a7f6","2"
"eclipse/eclipse-collections","94a8f433bd920565f2fa1a57524f61576a898104","1490997600","1.12","1.8","1.8","org.eclipse.collections.impl.jmh.SelectTest","serial_eager_ec","","","","","","","BOTH_UNSET","BOTH_UNSET","BOTH_UNSET","","","","","","","BOTH_UNSET","BOTH_UNSET","BOTH_UNSET","","","","","","","true","true","","false","false","","false","false","","false","false","","1","","0","0","0","false","false","false","false","false","","","0","0","0","","false","fd414c6f16402913160c4d05bce1d350f55cc95b751956b8568bc1e0f902f343","2"
"eclipse/eclipse-collections","94a8f433bd920565f2fa1a57524f61576a898104","1490997600","1.12","1.8","1.8","org.eclipse.collections.impl.jmh.SelectTest","parallel_eager_ec","","","","","","","BOTH_UNSET","BOTH_UNSET","BOTH_UNSET","","","","","","","BOTH_UNSET","BOTH_UNSET","BOTH_UNSET","","","","","","","true","true","","false","false","","false","false","","false","false","","1","","0","0","0","false","false","false","false","false","","","0","0","0","","false","04df40a3131e512d69bd87b58de638dae6dc8e7a6c5479109c99cfbc8e9279b3","2"
"eclipse/eclipse-collections","94a8f433bd920565f2fa1a57524f61576a898104","1490997600","1.12","1.8","1.8","org.eclipse.collections.impl.jmh.SelectTest","serial_lazy_ec","","","","","","","BOTH_UNSET","BOTH_UNSET","BOTH_UNSET","","","","","","","BOTH_UNSET","BOTH_UNSET","BOTH_UNSET","","","","","","","true","true","","false","false","","false","false","","false","false","","1","","0","0","0","false","false","false","false","false","","","0","0","0","","false","76dbd3614e5deeddadd90db748365132227c25425f604bde1407ba0c3a82b263","2"
"eclipse/eclipse-collections","94a8f433bd920565f2fa1a57524f61576a898104","1490997600","1.12","1.8","1.8","org.eclipse.collections.impl.jmh.SelectTest","parallel_lazy_ec","","","","","","","BOTH_UNSET","BOTH_UNSET","BOTH_UNSET","","","","","","","BOTH_UNSET","BOTH_UNSET","BOTH_UNSET","","","","","","","true","true","","false","false","","false","false","","false","false","","1","","0","0","0","false","false","false","false","false","","","0","0","0","","false","043b861f0f0ce642973fb3615000c582a7cca91b6a1e01b49c85c35765a21d0e","3"
"eclipse/eclipse-collections","94a8f433bd920565f2fa1a57524f61576a898104","1490997600","1.12","1.8","1.8","org.eclipse.collections.impl.jmh.LongIntMapTest","get","20","","20","","","","BOTH_UNSET","BOTH_UNSET","BOTH_UNSET","10","","10","","","","BOTH_UNSET","BOTH_UNSET","BOTH_UNSET","","","","","","","true","true","","false","false","","false","false","","false","false","","10","org.openjdk.jmh.infra.Blackhole","1","0","0","true","false","false","false","false","mapSizeDividedBy16000=org.eclipse.collections.impl.jmh.LongIntMapTest&fullyRandom=org.eclipse.collections.impl.jmh.LongIntMapTest","mapSizeDividedBy16000=1&mapSizeDividedBy16000=10&mapSizeDividedBy16000=100&mapSizeDividedBy16000=10000&mapSizeDividedBy16000=100000&fullyRandom=true&fullyRandom=false","2","2","0","","false","e3b0c44298fc1c149afbf4c8996fb92427ae41e4649b934ca495991b7852b855","1"
"eclipse/eclipse-collections","94a8f433bd920565f2fa1a57524f61576a898104","1490997600","1.12","1.8","1.8","org.eclipse.collections.impl.jmh.LongIntMapTest","put","20","","20","","","","BOTH_UNSET","BOTH_UNSET","BOTH_UNSET","10","","10","","","","BOTH_UNSET","BOTH_UNSET","BOTH_UNSET","","","","","","","true","true","","false","false","","false","false","","false","false","","10","","0","0","0","false","false","false","false","false","mapSizeDividedBy16000=org.eclipse.collections.impl.jmh.LongIntMapTest&fullyRandom=org.eclipse.collections.impl.jmh.LongIntMapTest","mapSizeDividedBy16000=1&mapSizeDividedBy16000=10&mapSizeDividedBy16000=100&mapSizeDividedBy16000=10000&mapSizeDividedBy16000=100000&fullyRandom=true&fullyRandom=false","2","2","0","","false","e3b0c44298fc1c149afbf4c8996fb92427ae41e4649b934ca495991b7852b855","1"
"eclipse/eclipse-collections","94a8f433bd920565f2fa1a57524f61576a898104","1490997600","1.12","1.8","1.8","org.eclipse.collections.impl.jmh.LongIntMapTest","presizedPut","20","","20","","","","BOTH_UNSET","BOTH_UNSET","BOTH_UNSET","10","","10","","","","BOTH_UNSET","BOTH_UNSET","BOTH_UNSET","","","","","","","true","true","","false","false","","false","false","","false","false","","10","","0","0","0","false","false","false","false","false","mapSizeDividedBy16000=org.eclipse.collections.impl.jmh.LongIntMapTest&fullyRandom=org.eclipse.collections.impl.jmh.LongIntMapTest","mapSizeDividedBy16000=1&mapSizeDividedBy16000=10&mapSizeDividedBy16000=100&mapSizeDividedBy16000=10000&mapSizeDividedBy16000=100000&fullyRandom=true&fullyRandom=false","2","2","0","","false","e3b0c44298fc1c149afbf4c8996fb92427ae41e4649b934ca495991b7852b855","1"
"eclipse/eclipse-collections","94a8f433bd920565f2fa1a57524f61576a898104","1490997600","1.12","1.8","1.8","org.eclipse.collections.impl.jmh.LongIntMapTest","remove","20","","20","","","","BOTH_UNSET","BOTH_UNSET","BOTH_UNSET","10","","10","","","","BOTH_UNSET","BOTH_UNSET","BOTH_UNSET","","","","","","","true","true","","false","false","","false","false","","false","false","","10","","0","0","0","false","false","false","false","false","mapSizeDividedBy16000=org.eclipse.collections.impl.jmh.LongIntMapTest&fullyRandom=org.eclipse.collections.impl.jmh.LongIntMapTest","mapSizeDividedBy16000=1&mapSizeDividedBy16000=10&mapSizeDividedBy16000=100&mapSizeDividedBy16000=10000&mapSizeDividedBy16000=100000&fullyRandom=true&fullyRandom=false","2","2","0","","false","e3b0c44298fc1c149afbf4c8996fb92427ae41e4649b934ca495991b7852b855","1"
"eclipse/eclipse-collections","94a8f433bd920565f2fa1a57524f61576a898104","1490997600","1.12","1.8","1.8","org.eclipse.collections.impl.jmh.LongIntMapTest","copyTest","20","","20","","","","BOTH_UNSET","BOTH_UNSET","BOTH_UNSET","10","","10","","","","BOTH_UNSET","BOTH_UNSET","BOTH_UNSET","","","","","","","true","true","","false","false","","false","false","","false","false","","10","org.openjdk.jmh.infra.Blackhole","1","0","0","true","false","false","false","false","mapSizeDividedBy16000=org.eclipse.collections.impl.jmh.LongIntMapTest&fullyRandom=org.eclipse.collections.impl.jmh.LongIntMapTest","mapSizeDividedBy16000=1&mapSizeDividedBy16000=10&mapSizeDividedBy16000=100&mapSizeDividedBy16000=10000&mapSizeDividedBy16000=100000&fullyRandom=true&fullyRandom=false","2","2","0","","false","e3b0c44298fc1c149afbf4c8996fb92427ae41e4649b934ca495991b7852b855","1"
"eclipse/eclipse-collections","94a8f433bd920565f2fa1a57524f61576a898104","1490997600","1.12","1.8","1.8","org.eclipse.collections.impl.jmh.list.ListIterationTest","serial_mutable_ec","","","","","","","BOTH_UNSET","BOTH_UNSET","BOTH_UNSET","","","","","","","BOTH_UNSET","BOTH_UNSET","BOTH_UNSET","","","","","","","true","true","","false","false","","false","false","","false","false","","1","","0","0","0","false","false","false","false","false","","","0","0","0","","false","e3b0c44298fc1c149afbf4c8996fb92427ae41e4649b934ca495991b7852b855","1"
"eclipse/eclipse-collections","94a8f433bd920565f2fa1a57524f61576a898104","1490997600","1.12","1.8","1.8","org.eclipse.collections.impl.jmh.list.ListIterationTest","serial_immutable_ec","","","","","","","BOTH_UNSET","BOTH_UNSET","BOTH_UNSET","","","","","","","BOTH_UNSET","BOTH_UNSET","BOTH_UNSET","","","","","","","true","true","","false","false","","false","false","","false","false","","1","","0","0","0","false","false","false","false","false","","","0","0","0","","false","e3b0c44298fc1c149afbf4c8996fb92427ae41e4649b934ca495991b7852b855","1"
"eclipse/eclipse-collections","94a8f433bd920565f2fa1a57524f61576a898104","1490997600","1.12","1.8","1.8","org.eclipse.collections.impl.jmh.list.ListIterationTest","parallel_mutable_ec","","","","","","","BOTH_UNSET","BOTH_UNSET","BOTH_UNSET","","","","","","","BOTH_UNSET","BOTH_UNSET","BOTH_UNSET","","","","","","","true","true","","false","false","","false","false","","false","false","","1","","0","0","0","false","false","false","false","false","","","0","0","0","","false","e3b0c44298fc1c149afbf4c8996fb92427ae41e4649b934ca495991b7852b855","1"
"eclipse/eclipse-collections","94a8f433bd920565f2fa1a57524f61576a898104","1490997600","1.12","1.8","1.8","org.eclipse.collections.impl.jmh.list.ListIterationTest","parallel_immutable_ec","","","","","","","BOTH_UNSET","BOTH_UNSET","BOTH_UNSET","","","","","","","BOTH_UNSET","BOTH_UNSET","BOTH_UNSET","","","","","","","true","true","","false","false","","false","false","","false","false","","1","","0","0","0","false","false","false","false","false","","","0","0","0","","false","e3b0c44298fc1c149afbf4c8996fb92427ae41e4649b934ca495991b7852b855","1"
"eclipse/eclipse-collections","94a8f433bd920565f2fa1a57524f61576a898104","1490997600","1.12","1.8","1.8","org.eclipse.collections.impl.jmh.list.ListIterationTest","serial_mutable_scala","","","","","","","BOTH_UNSET","BOTH_UNSET","BOTH_UNSET","","","","","","","BOTH_UNSET","BOTH_UNSET","BOTH_UNSET","","","","","","","true","true","","false","false","","false","false","","false","false","","1","","0","0","0","false","false","false","false","false","","","0","0","0","","false","bcd093f908556fb1131a7b831298ff36fe5cf361f505a8948e5ebc2669c7c9c7","1"
"eclipse/eclipse-collections","94a8f433bd920565f2fa1a57524f61576a898104","1490997600","1.12","1.8","1.8","org.eclipse.collections.impl.jmh.list.ListIterationTest","parallel_mutable_scala","","","","","","","BOTH_UNSET","BOTH_UNSET","BOTH_UNSET","","","","","","","BOTH_UNSET","BOTH_UNSET","BOTH_UNSET","","","","","","","true","true","","false","false","","false","false","","false","false","","1","","0","0","0","false","false","false","false","false","","","0","0","0","","false","7dab0f8eb04b18b42ddf89a6325ecabb3f4f7780526f7d9f8dc99a553462da8d","1"
"eclipse/eclipse-collections","94a8f433bd920565f2fa1a57524f61576a898104","1490997600","1.12","1.8","1.8","org.eclipse.collections.impl.jmh.FlatCollectTest","serial_lazy_jdk","","","","","","","BOTH_UNSET","BOTH_UNSET","BOTH_UNSET","","","","","","","BOTH_UNSET","BOTH_UNSET","BOTH_UNSET","","","","","","","true","true","","false","false","","false","false","","false","false","","1","","0","0","0","false","false","false","false","false","","","0","0","0","","false","921f26954c708cc1966896bfa26f031a815696a48b6218b4e1dc7fff081c3dcc","1"
"eclipse/eclipse-collections","94a8f433bd920565f2fa1a57524f61576a898104","1490997600","1.12","1.8","1.8","org.eclipse.collections.impl.jmh.FlatCollectTest","serial_lazy_streams_ec","","","","","","","BOTH_UNSET","BOTH_UNSET","BOTH_UNSET","","","","","","","BOTH_UNSET","BOTH_UNSET","BOTH_UNSET","","","","","","","true","true","","false","false","","false","false","","false","false","","1","","0","0","0","false","false","false","false","false","","","0","0","0","","false","24c3d3424d33318848e0fdd3ab9a74dc4b2adf367f2448f635f30c3adc05a1df","1"
"eclipse/eclipse-collections","94a8f433bd920565f2fa1a57524f61576a898104","1490997600","1.12","1.8","1.8","org.eclipse.collections.impl.jmh.FlatCollectTest","serial_eager_ec","","","","","","","BOTH_UNSET","BOTH_UNSET","BOTH_UNSET","","","","","","","BOTH_UNSET","BOTH_UNSET","BOTH_UNSET","","","","","","","true","true","","false","false","","false","false","","false","false","","1","","0","0","0","false","false","false","false","false","","","0","0","0","","false","b844cb5d827ad6e20d70caafc5f74088e705cacde89805ca198c3114f9da7959","1"
"eclipse/eclipse-collections","94a8f433bd920565f2fa1a57524f61576a898104","1490997600","1.12","1.8","1.8","org.eclipse.collections.impl.jmh.FlatCollectTest","serial_lazy_ec","","","","","","","BOTH_UNSET","BOTH_UNSET","BOTH_UNSET","","","","","","","BOTH_UNSET","BOTH_UNSET","BOTH_UNSET","","","","","","","true","true","","false","false","","false","false","","false","false","","1","","0","0","0","false","false","false","false","false","","","0","0","0","","false","278a2a2cf4c9b2c85473a87df39cea55d98f160e23d4bc135beda049bd75c81a","1"
"eclipse/eclipse-collections","94a8f433bd920565f2fa1a57524f61576a898104","1490997600","1.12","1.8","1.8","org.eclipse.collections.impl.jmh.CountSetTest","serial_lazy_jdk","","","","","","","BOTH_UNSET","BOTH_UNSET","BOTH_UNSET","","","","","","","BOTH_UNSET","BOTH_UNSET","BOTH_UNSET","","","","","","","true","true","","false","false","","false","false","","false","false","","4","","0","0","0","false","false","false","false","false","megamorphicWarmupLevel=org.eclipse.collections.impl.jmh.CountSetTest","megamorphicWarmupLevel=0&megamorphicWarmupLevel=1&megamorphicWarmupLevel=2&megamorphicWarmupLevel=3","1","1","0","","false","fe2746200ea200c18fa2827c1be35dbf48c39481ad45f97c6b598de18400d5bb","2"
"eclipse/eclipse-collections","94a8f433bd920565f2fa1a57524f61576a898104","1490997600","1.12","1.8","1.8","org.eclipse.collections.impl.jmh.CountSetTest","serial_lazy_streams_ec","","","","","","","BOTH_UNSET","BOTH_UNSET","BOTH_UNSET","","","","","","","BOTH_UNSET","BOTH_UNSET","BOTH_UNSET","","","","","","","true","true","","false","false","","false","false","","false","false","","4","","0","0","0","false","false","false","false","false","megamorphicWarmupLevel=org.eclipse.collections.impl.jmh.CountSetTest","megamorphicWarmupLevel=0&megamorphicWarmupLevel=1&megamorphicWarmupLevel=2&megamorphicWarmupLevel=3","1","1","0","","false","9affdd0ff5997a9cbab3e86a9197987cb104f35035eb53d92b60ffa6a1ef57cf","2"
"eclipse/eclipse-collections","94a8f433bd920565f2fa1a57524f61576a898104","1490997600","1.12","1.8","1.8","org.eclipse.collections.impl.jmh.CountSetTest","parallel_lazy_jdk","","","","","","","BOTH_UNSET","BOTH_UNSET","BOTH_UNSET","","","","","","","BOTH_UNSET","BOTH_UNSET","BOTH_UNSET","","","","","","","true","true","","false","false","","false","false","","false","false","","4","","0","0","0","false","false","false","false","false","megamorphicWarmupLevel=org.eclipse.collections.impl.jmh.CountSetTest","megamorphicWarmupLevel=0&megamorphicWarmupLevel=1&megamorphicWarmupLevel=2&megamorphicWarmupLevel=3","1","1","0","","false","3142db1890e2268a9030999d55ef984dff1d6ce88ab312f0dc5c34bf5bb6df0d","2"
"eclipse/eclipse-collections","94a8f433bd920565f2fa1a57524f61576a898104","1490997600","1.12","1.8","1.8","org.eclipse.collections.impl.jmh.CountSetTest","parallel_lazy_streams_ec","","","","","","","BOTH_UNSET","BOTH_UNSET","BOTH_UNSET","","","","","","","BOTH_UNSET","BOTH_UNSET","BOTH_UNSET","","","","","","","true","true","","false","false","","false","false","","false","false","","4","","0","0","0","false","false","false","false","false","megamorphicWarmupLevel=org.eclipse.collections.impl.jmh.CountSetTest","megamorphicWarmupLevel=0&megamorphicWarmupLevel=1&megamorphicWarmupLevel=2&megamorphicWarmupLevel=3","1","1","0","","false","a97435ace9a9aa0b226eca5d586231881ef16e4d91d2e6758a4007bce1523ad3","2"
"eclipse/eclipse-collections","94a8f433bd920565f2fa1a57524f61576a898104","1490997600","1.12","1.8","1.8","org.eclipse.collections.impl.jmh.CountSetTest","serial_eager_ec","","","","","","","BOTH_UNSET","BOTH_UNSET","BOTH_UNSET","","","","","","","BOTH_UNSET","BOTH_UNSET","BOTH_UNSET","","","","","","","true","true","","false","false","","false","false","","false","false","","4","","0","0","0","false","false","false","false","false","megamorphicWarmupLevel=org.eclipse.collections.impl.jmh.CountSetTest","megamorphicWarmupLevel=0&megamorphicWarmupLevel=1&megamorphicWarmupLevel=2&megamorphicWarmupLevel=3","1","1","0","","false","375fe80ca0f11e7af9b9d5e5c18a5cc26efe216ef54582d9e19a727dbda1e263","2"
"eclipse/eclipse-collections","94a8f433bd920565f2fa1a57524f61576a898104","1490997600","1.12","1.8","1.8","org.eclipse.collections.impl.jmh.CountSetTest","serial_lazy_ec","","","","","","","BOTH_UNSET","BOTH_UNSET","BOTH_UNSET","","","","","","","BOTH_UNSET","BOTH_UNSET","BOTH_UNSET","","","","","","","true","true","","false","false","","false","false","","false","false","","4","","0","0","0","false","false","false","false","false","megamorphicWarmupLevel=org.eclipse.collections.impl.jmh.CountSetTest","megamorphicWarmupLevel=0&megamorphicWarmupLevel=1&megamorphicWarmupLevel=2&megamorphicWarmupLevel=3","1","1","0","","false","6a46a44a2585470f157400cb7b76b49a2a8a5035f3db582f8a4963bdd271128d","2"
"eclipse/eclipse-collections","94a8f433bd920565f2fa1a57524f61576a898104","1490997600","1.12","1.8","1.8","org.eclipse.collections.impl.jmh.CountSetTest","parallel_eager_ec","","","","","","","BOTH_UNSET","BOTH_UNSET","BOTH_UNSET","","","","","","","BOTH_UNSET","BOTH_UNSET","BOTH_UNSET","","","","","","","true","true","","false","false","","false","false","","false","false","","4","","0","0","0","false","false","false","false","false","megamorphicWarmupLevel=org.eclipse.collections.impl.jmh.CountSetTest","megamorphicWarmupLevel=0&megamorphicWarmupLevel=1&megamorphicWarmupLevel=2&megamorphicWarmupLevel=3","1","1","0","","false","a3f00629cd7616f95ca481bf90b2f2115cf2ecdb7af6a0b36e8a04fb536cb789","2"
"eclipse/eclipse-collections","94a8f433bd920565f2fa1a57524f61576a898104","1490997600","1.12","1.8","1.8","org.eclipse.collections.impl.jmh.CountSetTest","parallel_lazy_ec","","","","","","","BOTH_UNSET","BOTH_UNSET","BOTH_UNSET","","","","","","","BOTH_UNSET","BOTH_UNSET","BOTH_UNSET","","","","","","","true","true","","false","false","","false","false","","false","false","","4","","0","0","0","false","false","false","false","false","megamorphicWarmupLevel=org.eclipse.collections.impl.jmh.CountSetTest","megamorphicWarmupLevel=0&megamorphicWarmupLevel=1&megamorphicWarmupLevel=2&megamorphicWarmupLevel=3","1","1","0","","false","5703affb331cc57122928dad6686bb603515b0ab7c25f930827bd852b215c0ac","2"
"eclipse/eclipse-collections","94a8f433bd920565f2fa1a57524f61576a898104","1490997600","1.12","1.8","1.8","org.eclipse.collections.impl.jmh.CountSetTest","serial_eager_scala","","","","","","","BOTH_UNSET","BOTH_UNSET","BOTH_UNSET","","","","","","","BOTH_UNSET","BOTH_UNSET","BOTH_UNSET","","","","","","","true","true","","false","false","","false","false","","false","false","","4","","0","0","0","false","false","false","false","false","megamorphicWarmupLevel=org.eclipse.collections.impl.jmh.CountSetTest","megamorphicWarmupLevel=0&megamorphicWarmupLevel=1&megamorphicWarmupLevel=2&megamorphicWarmupLevel=3","1","1","0","","false","99a59cf5e4d2a5a2e9783fb75d2a4e6d0d7aea13ae12b448543acff948b57ac3","1"
"eclipse/eclipse-collections","94a8f433bd920565f2fa1a57524f61576a898104","1490997600","1.12","1.8","1.8","org.eclipse.collections.impl.jmh.CountSetTest","serial_lazy_scala","","","","","","","BOTH_UNSET","BOTH_UNSET","BOTH_UNSET","","","","","","","BOTH_UNSET","BOTH_UNSET","BOTH_UNSET","","","","","","","true","true","","false","false","","false","false","","false","false","","4","","0","0","0","false","false","false","false","false","megamorphicWarmupLevel=org.eclipse.collections.impl.jmh.CountSetTest","megamorphicWarmupLevel=0&megamorphicWarmupLevel=1&megamorphicWarmupLevel=2&megamorphicWarmupLevel=3","1","1","0","","false","9886f0db87f741744d275a8d37f614299b3c9824903e018a636a9d0b2d8c23df","1"
"eclipse/eclipse-collections","94a8f433bd920565f2fa1a57524f61576a898104","1490997600","1.12","1.8","1.8","org.eclipse.collections.impl.jmh.CountSetTest","parallel_lazy_scala","","","","","","","BOTH_UNSET","BOTH_UNSET","BOTH_UNSET","","","","","","","BOTH_UNSET","BOTH_UNSET","BOTH_UNSET","","","","","","","true","true","","false","false","","false","false","","false","false","","4","","0","0","0","false","false","false","false","false","megamorphicWarmupLevel=org.eclipse.collections.impl.jmh.CountSetTest","megamorphicWarmupLevel=0&megamorphicWarmupLevel=1&megamorphicWarmupLevel=2&megamorphicWarmupLevel=3","1","1","0","","false","15c57561e1bcf034f6e5118ec800e0f1ddf4dc6a3f90beef50fc755d12d510d5","1"
"eclipse/eclipse-collections","94a8f433bd920565f2fa1a57524f61576a898104","1490997600","1.12","1.8","1.8","org.eclipse.collections.impl.jmh.AnagramBagTest","serial_eager_ec","","","","","","","BOTH_UNSET","BOTH_UNSET","BOTH_UNSET","","","","","","","BOTH_UNSET","BOTH_UNSET","BOTH_UNSET","","","","","","","true","true","","false","false","","false","false","","false","false","","1","","0","0","0","false","false","false","false","false","","","0","0","0","","false","eaebf40216cf87c797cd8fe586c15307874b1311160c6bb46dfcc5e3478d4828","2"
"eclipse/eclipse-collections","94a8f433bd920565f2fa1a57524f61576a898104","1490997600","1.12","1.8","1.8","org.eclipse.collections.impl.jmh.AnagramBagTest","parallel_eager_ec","","","","","","","BOTH_UNSET","BOTH_UNSET","BOTH_UNSET","","","","","","","BOTH_UNSET","BOTH_UNSET","BOTH_UNSET","","","","","","","true","true","","false","false","","false","false","","false","false","","1","","0","0","0","false","false","false","false","false","","","0","0","0","","false","0d51fa4479502a15c4390012abd0520e13fff649e454b8243712630b9f39011e","2"
"eclipse/eclipse-collections","94a8f433bd920565f2fa1a57524f61576a898104","1490997600","1.12","1.8","1.8","org.eclipse.collections.impl.jmh.AnagramBagTest","parallel_lazy_ec","","","","","","","BOTH_UNSET","BOTH_UNSET","BOTH_UNSET","","","","","","","BOTH_UNSET","BOTH_UNSET","BOTH_UNSET","","","","","","","true","true","","false","false","","false","false","","false","false","","1","","0","0","0","false","false","false","false","false","","","0","0","0","","false","5e7bd58634965e5d81b96b96da770b75ff70d0c440d973c603e3f9d5b7f3354d","3"
"eclipse/eclipse-collections","94a8f433bd920565f2fa1a57524f61576a898104","1490997600","1.12","1.8","1.8","org.eclipse.collections.impl.jmh.AnagramBagTest","parallel_eager_forkjoin_ec","","","","","","","BOTH_UNSET","BOTH_UNSET","BOTH_UNSET","","","","","","","BOTH_UNSET","BOTH_UNSET","BOTH_UNSET","","","","","","","true","true","","false","false","","false","false","","false","false","","1","","0","0","0","false","false","false","false","false","","","0","0","0","","false","7893f8358f8e14214f867aa70b316f68a566e118bcf52a2fa20454520113743f","2"
"eclipse/eclipse-collections","94a8f433bd920565f2fa1a57524f61576a898104","1490997600","1.12","1.8","1.8","org.eclipse.collections.impl.jmh.AnagramBagTest","serial_lazy_jdk","","","","","","","BOTH_UNSET","BOTH_UNSET","BOTH_UNSET","","","","","","","BOTH_UNSET","BOTH_UNSET","BOTH_UNSET","","","","","","","true","true","","false","false","","false","false","","false","false","","1","","0","0","0","false","false","false","false","false","","","0","0","0","","false","b4c8f15d9697778a15b9056b70629ebc6727e20166f797d630758a81c0d6fa9b","2"
"eclipse/eclipse-collections","94a8f433bd920565f2fa1a57524f61576a898104","1490997600","1.12","1.8","1.8","org.eclipse.collections.impl.jmh.AnagramBagTest","serial_lazy_streams_ec","","","","","","","BOTH_UNSET","BOTH_UNSET","BOTH_UNSET","","","","","","","BOTH_UNSET","BOTH_UNSET","BOTH_UNSET","","","","","","","true","true","","false","false","","false","false","","false","false","","1","","0","0","0","false","false","false","false","false","","","0","0","0","","false","eb0ee2192e66e3988133d3b279d7cdc2c037bc219dce90eed503510981b93616","2"
"eclipse/eclipse-collections","94a8f433bd920565f2fa1a57524f61576a898104","1490997600","1.12","1.8","1.8","org.eclipse.collections.impl.jmh.AnagramBagTest","parallel_lazy_jdk","","","","","","","BOTH_UNSET","BOTH_UNSET","BOTH_UNSET","","","","","","","BOTH_UNSET","BOTH_UNSET","BOTH_UNSET","","","","","","","true","true","","false","false","","false","false","","false","false","","1","","0","0","0","false","false","false","false","false","","","0","0","0","","false","8c3a7f8f958e9419acc0f2c229c7685204ec188fc70f3873747f279054006027","2"
"eclipse/eclipse-collections","94a8f433bd920565f2fa1a57524f61576a898104","1490997600","1.12","1.8","1.8","org.eclipse.collections.impl.jmh.AnagramBagTest","parallel_lazy_streams_ec","","","","","","","BOTH_UNSET","BOTH_UNSET","BOTH_UNSET","","","","","","","BOTH_UNSET","BOTH_UNSET","BOTH_UNSET","","","","","","","true","true","","false","false","","false","false","","false","false","","1","","0","0","0","false","false","false","false","false","","","0","0","0","","false","eaed2347455de9dd23c90dd645867c10dc008ff9ef35130e7913a01a6ba76036","2"
"eclipse/eclipse-collections","94a8f433bd920565f2fa1a57524f61576a898104","1490997600","1.12","1.8","1.8","org.eclipse.collections.impl.jmh.SumOfDoubleTest","serial_lazy_collectDoubleSum_jdk","","","","","","","BOTH_UNSET","BOTH_UNSET","BOTH_UNSET","","","","","","","BOTH_UNSET","BOTH_UNSET","BOTH_UNSET","","","","","","","true","true","","false","false","","false","false","","false","false","","1","","0","0","0","false","false","false","false","false","","","0","0","0","double","false","5207a6c882cbdea99a9ab1ad0629cd78622ae58035f3c476efb37dc20626e267","1"
"eclipse/eclipse-collections","94a8f433bd920565f2fa1a57524f61576a898104","1490997600","1.12","1.8","1.8","org.eclipse.collections.impl.jmh.SumOfDoubleTest","serial_lazy_collectDoubleSum_streams_ec","","","","","","","BOTH_UNSET","BOTH_UNSET","BOTH_UNSET","","","","","","","BOTH_UNSET","BOTH_UNSET","BOTH_UNSET","","","","","","","true","true","","false","false","","false","false","","false","false","","1","","0","0","0","false","false","false","false","false","","","0","0","0","double","false","595e036c7a843768aef331d59c3d5fa5f0eb04ac21789fdb97fb2c364bc33c4e","1"
"eclipse/eclipse-collections","94a8f433bd920565f2fa1a57524f61576a898104","1490997600","1.12","1.8","1.8","org.eclipse.collections.impl.jmh.SumOfDoubleTest","parallel_lazy_collectDoubleSum_jdk","","","","","","","BOTH_UNSET","BOTH_UNSET","BOTH_UNSET","","","","","","","BOTH_UNSET","BOTH_UNSET","BOTH_UNSET","","","","","","","true","true","","false","false","","false","false","","false","false","","1","","0","0","0","false","false","false","false","false","","","0","0","0","double","false","0c6b9ac9790a83084c7070526f7fb5a888a7a674d50f6c7ae6e2689a3404a5ba","1"
"eclipse/eclipse-collections","94a8f433bd920565f2fa1a57524f61576a898104","1490997600","1.12","1.8","1.8","org.eclipse.collections.impl.jmh.SumOfDoubleTest","parallel_lazy_collectDoubleSum_streams_ec","","","","","","","BOTH_UNSET","BOTH_UNSET","BOTH_UNSET","","","","","","","BOTH_UNSET","BOTH_UNSET","BOTH_UNSET","","","","","","","true","true","","false","false","","false","false","","false","false","","1","","0","0","0","false","false","false","false","false","","","0","0","0","double","false","a1b101816bfa18886e636e495a2f03619d620b0adf819e918d2a340f212c70a2","1"
"eclipse/eclipse-collections","94a8f433bd920565f2fa1a57524f61576a898104","1490997600","1.12","1.8","1.8","org.eclipse.collections.impl.jmh.SumOfDoubleTest","serial_eager_directSumOfDouble_ec","","","","","","","BOTH_UNSET","BOTH_UNSET","BOTH_UNSET","","","","","","","BOTH_UNSET","BOTH_UNSET","BOTH_UNSET","","","","","","","true","true","","false","false","","false","false","","false","false","","1","","0","0","0","false","false","false","false","false","","","0","0","0","double","false","063777d627eafb9c7b0337a12008379ec04d838fd75013ba2d2bbd002cd55b92","1"
"eclipse/eclipse-collections","94a8f433bd920565f2fa1a57524f61576a898104","1490997600","1.12","1.8","1.8","org.eclipse.collections.impl.jmh.SumOfDoubleTest","serial_eager_collectDoubleSum_ec","","","","","","","BOTH_UNSET","BOTH_UNSET","BOTH_UNSET","","","","","","","BOTH_UNSET","BOTH_UNSET","BOTH_UNSET","","","","","","","true","true","","false","false","","false","false","","false","false","","1","","0","0","0","false","false","false","false","false","","","0","0","0","double","false","168d6af097eae3d614cab45b9be2346a66885682982f49e23ad501fcbe1b3a2f","1"
"eclipse/eclipse-collections","94a8f433bd920565f2fa1a57524f61576a898104","1490997600","1.12","1.8","1.8","org.eclipse.collections.impl.jmh.SumOfDoubleTest","serial_lazy_collectDoubleSum_ec","","","","","","","BOTH_UNSET","BOTH_UNSET","BOTH_UNSET","","","","","","","BOTH_UNSET","BOTH_UNSET","BOTH_UNSET","","","","","","","true","true","","false","false","","false","false","","false","false","","1","","0","0","0","false","false","false","false","false","","","0","0","0","double","false","65b4d85dcb2d7a34623eced453ae9b66838a25b98db5abab80379fce0eef89bb","1"
"eclipse/eclipse-collections","94a8f433bd920565f2fa1a57524f61576a898104","1490997600","1.12","1.8","1.8","org.eclipse.collections.impl.jmh.SumOfDoubleTest","parallel_lazy_directSumOfDouble_ec","","","","","","","BOTH_UNSET","BOTH_UNSET","BOTH_UNSET","","","","","","","BOTH_UNSET","BOTH_UNSET","BOTH_UNSET","","","","","","","true","true","","false","false","","false","false","","false","false","","1","","0","0","0","false","false","false","false","false","","","0","0","0","double","false","974692a266645ff266e0c72dd7d34a3b2ac2a7be42985e554d0801092d6fb9c5","1"
"eclipse/eclipse-collections","94a8f433bd920565f2fa1a57524f61576a898104","1490997600","1.12","1.8","1.8","org.eclipse.collections.impl.jmh.SumOfDoubleTest","serial_lazy_directSumOfDouble_ec","","","","","","","BOTH_UNSET","BOTH_UNSET","BOTH_UNSET","","","","","","","BOTH_UNSET","BOTH_UNSET","BOTH_UNSET","","","","","","","true","true","","false","false","","false","false","","false","false","","1","","0","0","0","false","false","false","false","false","","","0","0","0","double","false","9751558552f81f450533d5b6a8b7d3c3701841f0ff45c48dc3c0aa22bc4f1db2","1"
"eclipse/eclipse-collections","94a8f433bd920565f2fa1a57524f61576a898104","1490997600","1.12","1.8","1.8","org.eclipse.collections.impl.jmh.AllSatisfyTest","short_circuit_middle_serial_lazy_jdk","","","","","","","BOTH_UNSET","BOTH_UNSET","BOTH_UNSET","","","","","","","BOTH_UNSET","BOTH_UNSET","BOTH_UNSET","","","","","","","true","true","","false","false","","false","false","","false","false","","1","","0","0","0","false","false","false","false","false","","","0","0","0","","false","808a2b57dea0b564e120991c31404ac60eac5e5e3b71685500f25b3c93d52bf9","1"
"eclipse/eclipse-collections","94a8f433bd920565f2fa1a57524f61576a898104","1490997600","1.12","1.8","1.8","org.eclipse.collections.impl.jmh.AllSatisfyTest","short_circuit_middle_serial_lazy_streams_ec","","","","","","","BOTH_UNSET","BOTH_UNSET","BOTH_UNSET","","","","","","","BOTH_UNSET","BOTH_UNSET","BOTH_UNSET","","","","","","","true","true","","false","false","","false","false","","false","false","","1","","0","0","0","false","false","false","false","false","","","0","0","0","","false","1873d279a44a687b354d9671578264d1f9148840d7703f0a558653191593bd4e","1"
"eclipse/eclipse-collections","94a8f433bd920565f2fa1a57524f61576a898104","1490997600","1.12","1.8","1.8","org.eclipse.collections.impl.jmh.AllSatisfyTest","process_all_serial_lazy_jdk","","","","","","","BOTH_UNSET","BOTH_UNSET","BOTH_UNSET","","","","","","","BOTH_UNSET","BOTH_UNSET","BOTH_UNSET","","","","","","","true","true","","false","false","","false","false","","false","false","","1","","0","0","0","false","false","false","false","false","","","0","0","0","","false","063f030235efde9d555af8cc97a68d517ab4c7baffe3b3902e0a12977b5612e5","1"
"eclipse/eclipse-collections","94a8f433bd920565f2fa1a57524f61576a898104","1490997600","1.12","1.8","1.8","org.eclipse.collections.impl.jmh.AllSatisfyTest","process_all_serial_lazy_streams_ec","","","","","","","BOTH_UNSET","BOTH_UNSET","BOTH_UNSET","","","","","","","BOTH_UNSET","BOTH_UNSET","BOTH_UNSET","","","","","","","true","true","","false","false","","false","false","","false","false","","1","","0","0","0","false","false","false","false","false","","","0","0","0","","false","79bfa58312488cf91e8bcb05b0e99fdd161e57080ea120328cb2757dfa11bea2","1"
"eclipse/eclipse-collections","94a8f433bd920565f2fa1a57524f61576a898104","1490997600","1.12","1.8","1.8","org.eclipse.collections.impl.jmh.AllSatisfyTest","short_circuit_middle_serial_eager_ec","","","","","","","BOTH_UNSET","BOTH_UNSET","BOTH_UNSET","","","","","","","BOTH_UNSET","BOTH_UNSET","BOTH_UNSET","","","","","","","true","true","","false","false","","false","false","","false","false","","1","","0","0","0","false","false","false","false","false","","","0","0","0","","false","55c176b67294c1cd390ae86fac3cd8bb77dc0a8fc83e2b5ad439e068fbe56e9a","1"
"eclipse/eclipse-collections","94a8f433bd920565f2fa1a57524f61576a898104","1490997600","1.12","1.8","1.8","org.eclipse.collections.impl.jmh.AllSatisfyTest","process_all_serial_eager_ec","","","","","","","BOTH_UNSET","BOTH_UNSET","BOTH_UNSET","","","","","","","BOTH_UNSET","BOTH_UNSET","BOTH_UNSET","","","","","","","true","true","","false","false","","false","false","","false","false","","1","","0","0","0","false","false","false","false","false","","","0","0","0","","false","eb834fe974ac1a0bc476e5ca93c86e27a7ea21b542ffb9f866ebadf201e6ae75","1"
"eclipse/eclipse-collections","94a8f433bd920565f2fa1a57524f61576a898104","1490997600","1.12","1.8","1.8","org.eclipse.collections.impl.jmh.AllSatisfyTest","short_circuit_middle_serial_lazy_ec","","","","","","","BOTH_UNSET","BOTH_UNSET","BOTH_UNSET","","","","","","","BOTH_UNSET","BOTH_UNSET","BOTH_UNSET","","","","","","","true","true","","false","false","","false","false","","false","false","","1","","0","0","0","false","false","false","false","false","","","0","0","0","","false","5830ee35e64e6c1f00849679d1e09781f5f46c4dd6b8caf78fd1f39053f62f19","1"
"eclipse/eclipse-collections","94a8f433bd920565f2fa1a57524f61576a898104","1490997600","1.12","1.8","1.8","org.eclipse.collections.impl.jmh.AllSatisfyTest","process_all_serial_lazy_ec","","","","","","","BOTH_UNSET","BOTH_UNSET","BOTH_UNSET","","","","","","","BOTH_UNSET","BOTH_UNSET","BOTH_UNSET","","","","","","","true","true","","false","false","","false","false","","false","false","","1","","0","0","0","false","false","false","false","false","","","0","0","0","","false","e5b6cf1464ab456eeab3706968df335652526039941a1e2963de960c707047b6","1"
"eclipse/eclipse-collections","94a8f433bd920565f2fa1a57524f61576a898104","1490997600","1.12","1.8","1.8","org.eclipse.collections.impl.jmh.AllSatisfyTest","short_circuit_middle_parallel_lazy_jdk","","","","","","","BOTH_UNSET","BOTH_UNSET","BOTH_UNSET","","","","","","","BOTH_UNSET","BOTH_UNSET","BOTH_UNSET","","","","","","","true","true","","false","false","","false","false","","false","false","","1","","0","0","0","false","false","false","false","false","","","0","0","0","","false","9a4548c65b9537b7366760049127f2f4faa779bc943d865c7f134f028f696080","1"
"eclipse/eclipse-collections","94a8f433bd920565f2fa1a57524f61576a898104","1490997600","1.12","1.8","1.8","org.eclipse.collections.impl.jmh.AllSatisfyTest","short_circuit_middle_parallel_lazy_streams_ec","","","","","","","BOTH_UNSET","BOTH_UNSET","BOTH_UNSET","","","","","","","BOTH_UNSET","BOTH_UNSET","BOTH_UNSET","","","","","","","true","true","","false","false","","false","false","","false","false","","1","","0","0","0","false","false","false","false","false","","","0","0","0","","false","d84bf941987056b9d5179520ddc29de218899e575180f7592fb079d102e67dfd","1"
"eclipse/eclipse-collections","94a8f433bd920565f2fa1a57524f61576a898104","1490997600","1.12","1.8","1.8","org.eclipse.collections.impl.jmh.AllSatisfyTest","process_all_parallel_lazy_jdk","","","","","","","BOTH_UNSET","BOTH_UNSET","BOTH_UNSET","","","","","","","BOTH_UNSET","BOTH_UNSET","BOTH_UNSET","","","","","","","true","true","","false","false","","false","false","","false","false","","1","","0","0","0","false","false","false","false","false","","","0","0","0","","false","59d330eb16c3be32e1de3a7074e0b7a3b53a2fc6743c3af5a006d8f8c0e6fc54","1"
"eclipse/eclipse-collections","94a8f433bd920565f2fa1a57524f61576a898104","1490997600","1.12","1.8","1.8","org.eclipse.collections.impl.jmh.AllSatisfyTest","process_all_parallel_lazy_streams_ec","","","","","","","BOTH_UNSET","BOTH_UNSET","BOTH_UNSET","","","","","","","BOTH_UNSET","BOTH_UNSET","BOTH_UNSET","","","","","","","true","true","","false","false","","false","false","","false","false","","1","","0","0","0","false","false","false","false","false","","","0","0","0","","false","168203770ffd01ccf543a6aa5670d5002a530fc8bba02db99c069a10e6532fa8","1"
"eclipse/eclipse-collections","94a8f433bd920565f2fa1a57524f61576a898104","1490997600","1.12","1.8","1.8","org.eclipse.collections.impl.jmh.AllSatisfyTest","short_circuit_middle_parallel_lazy_ec","","","","","","","BOTH_UNSET","BOTH_UNSET","BOTH_UNSET","","","","","","","BOTH_UNSET","BOTH_UNSET","BOTH_UNSET","","","","","","","true","true","","false","false","","false","false","","false","false","","1","","0","0","0","false","false","false","false","false","","","0","0","0","","false","b332b2ecd9aad8ea1d815afb4fa3bc14dbda4ad030460e24d6e1f1fd54877ea2","1"
"eclipse/eclipse-collections","94a8f433bd920565f2fa1a57524f61576a898104","1490997600","1.12","1.8","1.8","org.eclipse.collections.impl.jmh.AllSatisfyTest","process_all_parallel_lazy_ec","","","","","","","BOTH_UNSET","BOTH_UNSET","BOTH_UNSET","","","","","","","BOTH_UNSET","BOTH_UNSET","BOTH_UNSET","","","","","","","true","true","","false","false","","false","false","","false","false","","1","","0","0","0","false","false","false","false","false","","","0","0","0","","false","8ccd05d2f3770a578e5bfae86fa83e2fa1447bbba18686591172d68e16326f23","1"
"eclipse/eclipse-collections","94a8f433bd920565f2fa1a57524f61576a898104","1490997600","1.12","1.8","1.8","org.eclipse.collections.impl.jmh.SummarizeIntTest","serial_lazy_mapToIntSum_jdk","","","","","","","BOTH_UNSET","BOTH_UNSET","BOTH_UNSET","","","","","","","BOTH_UNSET","BOTH_UNSET","BOTH_UNSET","","","","","","","true","true","","false","false","","false","false","","false","false","","1","","0","0","0","false","false","false","false","false","","","0","0","0","java.util.IntSummaryStatistics","false","82f1a6ab604f325f1a1c1d0af7573d049a46bd988dacd3ac5c1ef2eeec1da099","1"
"eclipse/eclipse-collections","94a8f433bd920565f2fa1a57524f61576a898104","1490997600","1.12","1.8","1.8","org.eclipse.collections.impl.jmh.SummarizeIntTest","serial_lazy_mapToIntSum_streams_ec","","","","","","","BOTH_UNSET","BOTH_UNSET","BOTH_UNSET","","","","","","","BOTH_UNSET","BOTH_UNSET","BOTH_UNSET","","","","","","","true","true","","false","false","","false","false","","false","false","","1","","0","0","0","false","false","false","false","false","","","0","0","0","java.util.IntSummaryStatistics","false","14eb50e600b1993acabbca89e83c70259f6f27908320de62b3a7e21de703df40","1"
"eclipse/eclipse-collections","94a8f433bd920565f2fa1a57524f61576a898104","1490997600","1.12","1.8","1.8","org.eclipse.collections.impl.jmh.SummarizeIntTest","parallel_lazy_mapToIntSum_jdk","","","","","","","BOTH_UNSET","BOTH_UNSET","BOTH_UNSET","","","","","","","BOTH_UNSET","BOTH_UNSET","BOTH_UNSET","","","","","","","true","true","","false","false","","false","false","","false","false","","1","","0","0","0","false","false","false","false","false","","","0","0","0","java.util.IntSummaryStatistics","false","c66f4df852a56b90e0173f52bd439099b1ee9ade39943e7a2087bdcd0b318156","1"
"eclipse/eclipse-collections","94a8f433bd920565f2fa1a57524f61576a898104","1490997600","1.12","1.8","1.8","org.eclipse.collections.impl.jmh.SummarizeIntTest","parallel_lazy_mapToIntSum_streams_ec","","","","","","","BOTH_UNSET","BOTH_UNSET","BOTH_UNSET","","","","","","","BOTH_UNSET","BOTH_UNSET","BOTH_UNSET","","","","","","","true","true","","false","false","","false","false","","false","false","","1","","0","0","0","false","false","false","false","false","","","0","0","0","java.util.IntSummaryStatistics","false","be4ca98e38bed0b2677d77ae21242e445c15f5b4945a6a4f43fb891d8737880c","1"
"eclipse/eclipse-collections","94a8f433bd920565f2fa1a57524f61576a898104","1490997600","1.12","1.8","1.8","org.eclipse.collections.impl.jmh.SummarizeIntTest","serial_eager_summarizeInt_ec","","","","","","","BOTH_UNSET","BOTH_UNSET","BOTH_UNSET","","","","","","","BOTH_UNSET","BOTH_UNSET","BOTH_UNSET","","","","","","","true","true","","false","false","","false","false","","false","false","","1","","0","0","0","false","false","false","false","false","","","0","0","0","java.util.IntSummaryStatistics","false","c9275694de47b1d60aeb08ef936389666455cfa5e2077e73f6d79b8c4cc5b1b0","1"
"eclipse/eclipse-collections","94a8f433bd920565f2fa1a57524f61576a898104","1490997600","1.12","1.8","1.8","org.eclipse.collections.impl.jmh.SummarizeIntTest","serial_eager_collectIntSummaryStatistics_ec","","","","","","","BOTH_UNSET","BOTH_UNSET","BOTH_UNSET","","","","","","","BOTH_UNSET","BOTH_UNSET","BOTH_UNSET","","","","","","","true","true","","false","false","","false","false","","false","false","","1","","0","0","0","false","false","false","false","false","","","0","0","0","java.util.IntSummaryStatistics","false","e78deba02ae6523a98cd8e6ded1a86729e1e6a0ac822b9ef84c3e16050f08c07","1"
"eclipse/eclipse-collections","94a8f433bd920565f2fa1a57524f61576a898104","1490997600","1.12","1.8","1.8","org.eclipse.collections.impl.jmh.SummarizeIntTest","serial_lazy_collectIntSummaryStatistics_ec","","","","","","","BOTH_UNSET","BOTH_UNSET","BOTH_UNSET","","","","","","","BOTH_UNSET","BOTH_UNSET","BOTH_UNSET","","","","","","","true","true","","false","false","","false","false","","false","false","","1","","0","0","0","false","false","false","false","false","","","0","0","0","java.util.IntSummaryStatistics","false","07389dd67afe7fd8e9ca63604d3794e179f54171220657db348a41ab036f26c6","1"
"eclipse/eclipse-collections","94a8f433bd920565f2fa1a57524f61576a898104","1490997600","1.12","1.8","1.8","org.eclipse.collections.impl.jmh.SummarizeIntTest","serial_lazy_summarizeInt_ec","","","","","","","BOTH_UNSET","BOTH_UNSET","BOTH_UNSET","","","","","","","BOTH_UNSET","BOTH_UNSET","BOTH_UNSET","","","","","","","true","true","","false","false","","false","false","","false","false","","1","","0","0","0","false","false","false","false","false","","","0","0","0","java.util.IntSummaryStatistics","false","284a12f05490663b4aac788a1e15e140e91211a20d3b5a508850d45a025a306b","1"
"eclipse/eclipse-collections","94a8f433bd920565f2fa1a57524f61576a898104","1490997600","1.12","1.8","1.8","org.eclipse.collections.impl.jmh.SummarizeIntTest","serial_eager_summaryStatistics_intList","","","","","","","BOTH_UNSET","BOTH_UNSET","BOTH_UNSET","","","","","","","BOTH_UNSET","BOTH_UNSET","BOTH_UNSET","","","","","","","true","true","","false","false","","false","false","","false","false","","1","","0","0","0","false","false","false","false","false","","","0","0","0","java.util.IntSummaryStatistics","false","939d0886055187bd4744bd84b176399da7929d910a8c42ec29bb9f3a1ae07362","1"
