"palantir/atlasdb","2dafc340268ff6cff3d5a403253a98eb36b371b6","1554069600","1.13","1.8","1.8","com.palantir.atlasdb.performance.benchmarks.KvsGetCandidateCellsForSweepingBenchmarks","fullTableScanCleanConservative","","","","20000000000","","20000000000","BOTH_SET","BOTH_UNSET","BOTH_SET","","","","160000000000","","160000000000","BOTH_SET","BOTH_UNSET","BOTH_SET","","","","","","","","","","","","","","","","","","","1","com.palantir.atlasdb.performance.benchmarks.table.ConsecutiveNarrowTable.CleanNarrowTable","1","0","0","false","false","false","false","false","","","0","0","0","java.lang.Object","false","9cd4a5acc4017b0006624afd57d862b587c38f172ca8b861dd26ce8f693acfdb"
"palantir/atlasdb","2dafc340268ff6cff3d5a403253a98eb36b371b6","1554069600","1.13","1.8","1.8","com.palantir.atlasdb.performance.benchmarks.KvsGetCandidateCellsForSweepingBenchmarks","fullTableScanCleanThorough","","","","20000000000","","20000000000","BOTH_SET","BOTH_UNSET","BOTH_SET","","","","160000000000","","160000000000","BOTH_SET","BOTH_UNSET","BOTH_SET","","","","","","","","","","","","","","","","","","","1","com.palantir.atlasdb.performance.benchmarks.table.ConsecutiveNarrowTable.CleanNarrowTable","1","0","0","false","false","false","false","false","","","0","0","0","java.lang.Object","false","9422d95abd3021910efe969d47afdddad75076548e18c0211ab7aeb969ffc93f"
"palantir/atlasdb","2dafc340268ff6cff3d5a403253a98eb36b371b6","1554069600","1.13","1.8","1.8","com.palantir.atlasdb.performance.benchmarks.KvsGetCandidateCellsForSweepingBenchmarks","fullTableScanDirtyConservative","","","","20000000000","","20000000000","BOTH_SET","BOTH_UNSET","BOTH_SET","","","","160000000000","","160000000000","BOTH_SET","BOTH_UNSET","BOTH_SET","","","","","","","","","","","","","","","","","","","1","com.palantir.atlasdb.performance.benchmarks.table.ConsecutiveNarrowTable.DirtyNarrowTable","1","0","0","false","false","false","false","false","","","0","0","0","java.lang.Object","false","233824e97eb1150c614d7b1a9a419f034f22e0c65cac3b7b9b34ec77b6c31cc2"
"palantir/atlasdb","2dafc340268ff6cff3d5a403253a98eb36b371b6","1554069600","1.13","1.8","1.8","com.palantir.atlasdb.performance.benchmarks.KvsGetCandidateCellsForSweepingBenchmarks","fullTableScanDirtyThorough","","","","20000000000","","20000000000","BOTH_SET","BOTH_UNSET","BOTH_SET","","","","160000000000","","160000000000","BOTH_SET","BOTH_UNSET","BOTH_SET","","","","","","","","","","","","","","","","","","","1","com.palantir.atlasdb.performance.benchmarks.table.ConsecutiveNarrowTable.DirtyNarrowTable","1","0","0","false","false","false","false","false","","","0","0","0","java.lang.Object","false","a0850b327a099c64ec71b06614e3250fbf7e2acd2e2ac81b48988b55b532138e"
"palantir/atlasdb","2dafc340268ff6cff3d5a403253a98eb36b371b6","1554069600","1.13","1.8","1.8","com.palantir.atlasdb.performance.benchmarks.KvsGetCandidateCellsForSweepingBenchmarks","fullTableScanOneWideRowThorough","","","","20000000000","","20000000000","BOTH_SET","BOTH_UNSET","BOTH_SET","","","","160000000000","","160000000000","BOTH_SET","BOTH_UNSET","BOTH_SET","","","","","","","","","","","","","","","","","","","1","com.palantir.atlasdb.performance.benchmarks.table.VeryWideRowTable","1","1","1","false","false","false","false","false","","","0","0","0","java.lang.Object","false","8b7ef728469796e7aa264b65cd5fbd44658eb6baacb7170867c7462ee2cf3d76"
"palantir/atlasdb","2dafc340268ff6cff3d5a403253a98eb36b371b6","1554069600","1.13","1.8","1.8","com.palantir.atlasdb.performance.benchmarks.KvsDeleteBenchmarks","singleDelete","","","","1000000000","","1000000000","BOTH_SET","BOTH_UNSET","BOTH_SET","","","","6000000000","","6000000000","BOTH_SET","BOTH_UNSET","BOTH_SET","","","","","","","","","","","","","","","","","","","1","com.palantir.atlasdb.performance.benchmarks.table.RegeneratingTable.KvsRowRegeneratingTable","1","0","0","false","false","false","false","false","","","0","0","0","java.lang.Object","false","85e8e895482756c6d599eb1a2db412a7beedcd8ad98f48df56b7fd1e325a091f"
"palantir/atlasdb","2dafc340268ff6cff3d5a403253a98eb36b371b6","1554069600","1.13","1.8","1.8","com.palantir.atlasdb.performance.benchmarks.KvsDeleteBenchmarks","batchDelete","","","","3000000000","","3000000000","BOTH_SET","BOTH_UNSET","BOTH_SET","","","","22000000000","","22000000000","BOTH_SET","BOTH_UNSET","BOTH_SET","","","","","","","","","","","","","","","","","","","1","com.palantir.atlasdb.performance.benchmarks.table.RegeneratingTable.KvsBatchRegeneratingTable","1","0","0","false","false","false","false","false","","","0","0","0","java.lang.Object","false","ed2449127e412e21b3e79b63c6edf2e8161039bebc96fbf9198c1813eab7f8cf"
"palantir/atlasdb","2dafc340268ff6cff3d5a403253a98eb36b371b6","1554069600","1.13","1.8","1.8","com.palantir.atlasdb.performance.benchmarks.KvsDeleteBenchmarks","batchRangeDelete","","","","6000000000","","6000000000","BOTH_SET","BOTH_UNSET","BOTH_SET","","","","60000000000","","60000000000","BOTH_SET","BOTH_UNSET","BOTH_SET","","","","","","","","","","","","","","","","","","","1","com.palantir.atlasdb.performance.benchmarks.table.ConsecutiveNarrowTable.RegeneratingCleanNarrowTable","1","0","0","false","false","false","false","false","","","0","0","0","java.lang.Object","false","855e99e7bf78beabf0521e988d3fd174edbbe1f147b5374cfbe94a4b38797841"
"palantir/atlasdb","2dafc340268ff6cff3d5a403253a98eb36b371b6","1554069600","1.13","1.8","1.8","com.palantir.atlasdb.performance.benchmarks.KvsDeleteBenchmarks","allRangeDelete","","","","5000000000","","5000000000","BOTH_SET","BOTH_UNSET","BOTH_SET","","","","45000000000","","45000000000","BOTH_SET","BOTH_UNSET","BOTH_SET","","","","","","","","","","","","","","","","","","","1","com.palantir.atlasdb.performance.benchmarks.table.ConsecutiveNarrowTable.RegeneratingCleanNarrowTable","1","0","0","false","false","false","false","false","","","0","0","0","java.lang.Object","false","d3ccf8401317d04932031d4bdf21563e3c5623cb97839471dda4dfc7f787acb5"
"palantir/atlasdb","2dafc340268ff6cff3d5a403253a98eb36b371b6","1554069600","1.13","1.8","1.8","com.palantir.atlasdb.performance.benchmarks.KvsDeleteBenchmarks","deleteAllTimestamps","","","","5000000000","","5000000000","BOTH_SET","BOTH_UNSET","BOTH_SET","","","","30000000000","","30000000000","BOTH_SET","BOTH_UNSET","BOTH_SET","","","","","","","","","","","","","","","","","","","1","com.palantir.atlasdb.performance.benchmarks.table.RegeneratingTable.VersionedCellRegeneratingTable","1","0","0","false","false","false","false","false","","","0","0","0","java.lang.Object","false","982aa6ea2e0d86096bcbc9eee5e6214239814d124ad053a2e170a5505974b2d2"
"palantir/atlasdb","2dafc340268ff6cff3d5a403253a98eb36b371b6","1554069600","1.13","1.8","1.8","com.palantir.atlasdb.performance.benchmarks.TransactionGetDynamicBenchmarks","getAllColumnsExplicitly","","","","25000000000","","25000000000","BOTH_SET","BOTH_UNSET","BOTH_SET","","","","180000000000","","180000000000","BOTH_SET","BOTH_UNSET","BOTH_SET","","","","","","","","","","","","","","","","","","","1","com.palantir.atlasdb.performance.benchmarks.table.ModeratelyWideRowTable","1","1","1","false","false","false","false","false","","","0","0","0","java.lang.Object","false","ae2e0b43531b19b8a0bdc95488502e67e1491036fbfe4e44886dc749a81866c9"
"palantir/atlasdb","2dafc340268ff6cff3d5a403253a98eb36b371b6","1554069600","1.13","1.8","1.8","com.palantir.atlasdb.performance.benchmarks.TransactionGetDynamicBenchmarks","getAllColumnsImplicitly","","","","10000000000","","10000000000","BOTH_SET","BOTH_UNSET","BOTH_SET","","","","65000000000","","65000000000","BOTH_SET","BOTH_UNSET","BOTH_SET","","","","","","","","","","","","","","","","","","","1","com.palantir.atlasdb.performance.benchmarks.table.ModeratelyWideRowTable","1","1","1","false","false","false","false","false","","","0","0","0","java.lang.Object","false","9d919cdc6ae19c43f9ea04d32835ff0a3f51ac964308cf66e5424faa4497056f"
"palantir/atlasdb","2dafc340268ff6cff3d5a403253a98eb36b371b6","1554069600","1.13","1.8","1.8","com.palantir.atlasdb.performance.benchmarks.TransactionGetDynamicBenchmarks","getFirstColumnExplicitly","","","","1000000000","","1000000000","BOTH_SET","BOTH_UNSET","BOTH_SET","","","","5000000000","","5000000000","BOTH_SET","BOTH_UNSET","BOTH_SET","","","","","","","","","","","","","","","","","","","1","com.palantir.atlasdb.performance.benchmarks.table.ModeratelyWideRowTable","1","1","1","false","false","false","false","false","","","0","0","0","java.lang.Object","false","5b7447756470e496cc6d164e14682784bbebdac7cb26f4778f2450ca3a8374e0"
"palantir/atlasdb","2dafc340268ff6cff3d5a403253a98eb36b371b6","1554069600","1.13","1.8","1.8","com.palantir.atlasdb.performance.benchmarks.TransactionGetDynamicBenchmarks","getFirstColumnExplicitlyGetRows","","","","1000000000","","1000000000","BOTH_SET","BOTH_UNSET","BOTH_SET","","","","5000000000","","5000000000","BOTH_SET","BOTH_UNSET","BOTH_SET","","","","","","","","","","","","","","","","","","","1","com.palantir.atlasdb.performance.benchmarks.table.ModeratelyWideRowTable","1","1","1","false","false","false","false","false","","","0","0","0","java.lang.Object","false","55f4cbcc8321ace184a85717716e0e9fb3dd5152502a65357f355d8eb20cab51"
"palantir/atlasdb","2dafc340268ff6cff3d5a403253a98eb36b371b6","1554069600","1.13","1.8","1.8","com.palantir.atlasdb.performance.benchmarks.TransactionGetRowsColumnRangeBenchmarks","getAllColumnsSingleBigRow","","","","16000000000","","16000000000","BOTH_SET","BOTH_UNSET","BOTH_SET","","","","160000000000","","160000000000","BOTH_SET","BOTH_UNSET","BOTH_SET","","","","","","","","","","","","","","","","","","","1","com.palantir.atlasdb.performance.benchmarks.table.VeryWideRowTable&org.openjdk.jmh.infra.Blackhole","2","1","1","true","false","false","false","false","","","0","0","0","","false","ff79384e9951acf7bab0473bea0f2578056efd1639c441fe9a815035e3c968e0"
"palantir/atlasdb","2dafc340268ff6cff3d5a403253a98eb36b371b6","1554069600","1.13","1.8","1.8","com.palantir.atlasdb.performance.benchmarks.TransactionGetRowsColumnRangeBenchmarks","getAllColumnsModeratelyWideRow","","","","5000000000","","5000000000","BOTH_SET","BOTH_UNSET","BOTH_SET","","","","15000000000","","15000000000","BOTH_SET","BOTH_UNSET","BOTH_SET","","","","","","","","","","","","","","","","","","","1","com.palantir.atlasdb.performance.benchmarks.table.ModeratelyWideRowTable&org.openjdk.jmh.infra.Blackhole","2","1","1","true","false","false","false","false","","","0","0","0","","false","87788398368805b925da793402c48eb3e53b170638de79851cf90ec8882b728a"
"palantir/atlasdb","2dafc340268ff6cff3d5a403253a98eb36b371b6","1554069600","1.13","1.8","1.8","com.palantir.atlasdb.performance.benchmarks.TransactionGetRowsColumnRangeBenchmarks","getAllColumnsModeratelyWideRowWithSomeUncommitted","","","","5000000000","","5000000000","BOTH_SET","BOTH_UNSET","BOTH_SET","","","","15000000000","","15000000000","BOTH_SET","BOTH_UNSET","BOTH_SET","","","","","","","","","","","","","","","","","","","1","com.palantir.atlasdb.performance.benchmarks.table.CleanModeratelyWideRowTable&org.openjdk.jmh.infra.Blackhole","2","1","1","true","false","false","false","false","","","0","0","0","","false","345e3b260a1960df84461ba92d841cf1986ce1aee85396f9c3582b1f989ba6d9"
"palantir/atlasdb","2dafc340268ff6cff3d5a403253a98eb36b371b6","1554069600","1.13","1.8","1.8","com.palantir.atlasdb.performance.benchmarks.TransactionGetRowsColumnRangeBenchmarks","getAllColumnsModeratelyWideRowWithManyUncommitted","","","","5000000000","","5000000000","BOTH_SET","BOTH_UNSET","BOTH_SET","","","","15000000000","","15000000000","BOTH_SET","BOTH_UNSET","BOTH_SET","","","","","","","","","","","","","","","","","","","1","com.palantir.atlasdb.performance.benchmarks.table.DirtyModeratelyWideRowTable&org.openjdk.jmh.infra.Blackhole","2","1","1","true","false","false","false","false","","","0","0","0","","false","7ed395579c97cf2d1123bf0c466ae50ec8359128cbe85e559c0ab39d55ec3ea8"
"palantir/atlasdb","2dafc340268ff6cff3d5a403253a98eb36b371b6","1554069600","1.13","1.8","1.8","com.palantir.atlasdb.performance.benchmarks.KvsGetRowsColumnRangeBenchmarks","getAllColumnsAligned","","","","16000000000","","16000000000","BOTH_SET","BOTH_UNSET","BOTH_SET","","","","160000000000","","160000000000","BOTH_SET","BOTH_UNSET","BOTH_SET","","","","","","","","","","","","","","","","","","","1","com.palantir.atlasdb.performance.benchmarks.table.WideRowsTable","1","1","1","false","false","false","false","false","","","0","0","0","java.lang.Object","false","ed0da61ab46e5fe76f74a41c6c77b19f26c53726bf15521e0f470de9b72f32bd"
"palantir/atlasdb","2dafc340268ff6cff3d5a403253a98eb36b371b6","1554069600","1.13","1.8","1.8","com.palantir.atlasdb.performance.benchmarks.KvsGetRowsColumnRangeBenchmarks","getAllColumnsUnaligned","","","","16000000000","","16000000000","BOTH_SET","BOTH_UNSET","BOTH_SET","","","","160000000000","","160000000000","BOTH_SET","BOTH_UNSET","BOTH_SET","","","","","","","","","","","","","","","","","","","1","com.palantir.atlasdb.performance.benchmarks.table.WideRowsTable","1","1","1","false","false","false","false","false","","","0","0","0","java.lang.Object","false","bcad97bbf0424b3e4004e687c5bed03dcf29da34ce5e18ad7ec16c33922cd3ef"
"palantir/atlasdb","2dafc340268ff6cff3d5a403253a98eb36b371b6","1554069600","1.13","1.8","1.8","com.palantir.atlasdb.performance.benchmarks.KvsGetRowsColumnRangeBenchmarks","getAllColumnsSingleBigRow","","","","16000000000","","16000000000","BOTH_SET","BOTH_UNSET","BOTH_SET","","","","160000000000","","160000000000","BOTH_SET","BOTH_UNSET","BOTH_SET","","","","","","","","","","","","","","","","","","","1","com.palantir.atlasdb.performance.benchmarks.table.VeryWideRowTable&org.openjdk.jmh.infra.Blackhole","2","1","1","true","false","false","false","false","","","0","0","0","java.lang.Object","false","0e9c947226cf5e301b3f3e0824c88ecc9bc17e6b364eb5c52d7e10cd8375c080"
"palantir/atlasdb","2dafc340268ff6cff3d5a403253a98eb36b371b6","1554069600","1.13","1.8","1.8","com.palantir.atlasdb.performance.benchmarks.HttpBenchmarks","parseHttpHeaders","","","","3000000000","","3000000000","BOTH_SET","BOTH_UNSET","BOTH_SET","","","","5000000000","","5000000000","BOTH_SET","BOTH_UNSET","BOTH_SET","","","","","","","","","","","","","","","","","","","1","org.openjdk.jmh.infra.Blackhole","1","0","0","true","false","false","false","false","","","0","0","0","","false","a31cfe9d7e99dafbd15782b8fc7fb05c683736d5696e60c48f0727fc8ad4345a"
"palantir/atlasdb","2dafc340268ff6cff3d5a403253a98eb36b371b6","1554069600","1.13","1.8","1.8","com.palantir.atlasdb.performance.benchmarks.KvsGetRowsBenchmarks","getManyRowsWithGetRows","","","","5000000000","","5000000000","TIME_SET","BOTH_UNSET","TIME_SET","","","","40000000000","","40000000000","TIME_SET","BOTH_UNSET","TIME_SET","","","","","","","","","","","","","","","","","","","1","com.palantir.atlasdb.performance.benchmarks.table.ConsecutiveNarrowTable.CleanNarrowTable","1","0","0","false","false","false","false","false","","","0","0","0","java.lang.Object","false","bd5584e748a4c05f312b2fb6574c0bdad9fdc1d5ab316ffe7afe400ef018e7a9"
"palantir/atlasdb","2dafc340268ff6cff3d5a403253a98eb36b371b6","1554069600","1.13","1.8","1.8","com.palantir.atlasdb.performance.benchmarks.KvsPutBenchmarks","singleRandomPut","","","","1000000000","","1000000000","BOTH_SET","BOTH_UNSET","BOTH_SET","","","","6000000000","","6000000000","BOTH_SET","BOTH_UNSET","BOTH_SET","","","","","","","","","","","","","","","","","","","1","com.palantir.atlasdb.performance.benchmarks.table.EmptyTables","1","1","1","false","false","false","false","false","","","0","0","0","java.lang.Object","false","26d3f8ca90aa6ea1de94e44993bb22e3d808136a0a690938dce5c62d8d99f107"
"palantir/atlasdb","2dafc340268ff6cff3d5a403253a98eb36b371b6","1554069600","1.13","1.8","1.8","com.palantir.atlasdb.performance.benchmarks.KvsPutBenchmarks","batchRandomPut","","","","3000000000","","3000000000","BOTH_SET","BOTH_UNSET","BOTH_SET","","","","15000000000","","15000000000","BOTH_SET","BOTH_UNSET","BOTH_SET","","","","","","","","","","","","","","","","","","","1","com.palantir.atlasdb.performance.benchmarks.table.EmptyTables","1","1","1","false","false","false","false","false","","","0","0","0","java.lang.Object","false","c7a01006ad75cb4a1eac28cd08546f64b5bb4698d743c66b73461e0085fb9dd5"
"palantir/atlasdb","2dafc340268ff6cff3d5a403253a98eb36b371b6","1554069600","1.13","1.8","1.8","com.palantir.atlasdb.performance.benchmarks.KvsPutBenchmarks","batchRandomMultiPut","","","","5000000000","","5000000000","BOTH_SET","BOTH_UNSET","BOTH_SET","","","","25000000000","","25000000000","BOTH_SET","BOTH_UNSET","BOTH_SET","","","","","","","","","","","","","","","","","","","1","com.palantir.atlasdb.performance.benchmarks.table.EmptyTables","1","1","1","false","false","false","false","false","","","0","0","0","java.lang.Object","false","8887b4a2ef8a0c55f3a40d89e4b8b85afeab7af0c4bb89acb6f68902a8e41538"
"palantir/atlasdb","2dafc340268ff6cff3d5a403253a98eb36b371b6","1554069600","1.13","1.8","1.8","com.palantir.atlasdb.performance.benchmarks.KvsPutBenchmarks","putUnlessExistsAndExists","","","","2000000000","","2000000000","BOTH_SET","BOTH_UNSET","BOTH_SET","","","","20000000000","","20000000000","BOTH_SET","BOTH_UNSET","BOTH_SET","","","","","","","","","","","","","","","","","","","1","com.palantir.atlasdb.performance.benchmarks.table.EmptyTables","1","1","1","false","false","false","false","false","","","0","0","0","java.util.Map<com.palantir.atlasdb.keyvalue.api.Cell,byte[]>","false","1de20e98bdd30de2d04c663c8a5b36af7740d1ef215df99bdd2d76c9b6870fd7"
"palantir/atlasdb","2dafc340268ff6cff3d5a403253a98eb36b371b6","1554069600","1.13","1.8","1.8","com.palantir.atlasdb.performance.benchmarks.KvsPutBenchmarks","putUnlessExistsDoesNotExist","","","","1000000000","","1000000000","BOTH_SET","BOTH_UNSET","BOTH_SET","","","","10000000000","","10000000000","BOTH_SET","BOTH_UNSET","BOTH_SET","","","","","","","","","","","","","","","","","","","1","com.palantir.atlasdb.performance.benchmarks.table.EmptyTables","1","1","1","false","false","false","false","false","","","0","0","0","java.util.Map<com.palantir.atlasdb.keyvalue.api.Cell,byte[]>","false","63c41a644df106352b7366f3b6e083c267789bca67f56d5d1d852a11e25dcefb"
"palantir/atlasdb","2dafc340268ff6cff3d5a403253a98eb36b371b6","1554069600","1.13","1.8","1.8","com.palantir.atlasdb.performance.benchmarks.SweepBenchmarks","singleSweepRun","","","","3000000000","","3000000000","BOTH_SET","BOTH_UNSET","BOTH_SET","","","","15000000000","","15000000000","BOTH_SET","BOTH_UNSET","BOTH_SET","","","","","","","","","","","","","","","","","","","1","com.palantir.atlasdb.performance.benchmarks.table.RegeneratingTable.SweepRegeneratingTable","1","0","0","false","false","false","false","false","","","0","0","0","java.lang.Object","false","53d0cea40d028a83c944c3ce28b2e78e9902184b3cba6666ced5f1e90c3bbc55"
"palantir/atlasdb","2dafc340268ff6cff3d5a403253a98eb36b371b6","1554069600","1.13","1.8","1.8","com.palantir.atlasdb.performance.benchmarks.SweepBenchmarks","batchedUniformSingleSweepRun","","","","3000000000","","3000000000","BOTH_SET","BOTH_UNSET","BOTH_SET","","","","15000000000","","15000000000","BOTH_SET","BOTH_UNSET","BOTH_SET","","","","","","","","","","","","","","","","","","","1","com.palantir.atlasdb.performance.benchmarks.table.RegeneratingTable.SweepBatchUniformMultipleRegeneratingTable","1","0","0","false","false","false","false","false","","","0","0","0","java.lang.Object","false","3f4c00d2e934ad34cd039a52d06198b36fb81383ec6aa4f7b60c5eea165e5b6c"
"palantir/atlasdb","2dafc340268ff6cff3d5a403253a98eb36b371b6","1554069600","1.13","1.8","1.8","com.palantir.atlasdb.performance.benchmarks.SweepBenchmarks","batchedSingleSweepRun","","","","10000000000","","10000000000","BOTH_SET","BOTH_UNSET","BOTH_SET","","","","75000000000","","75000000000","BOTH_SET","BOTH_UNSET","BOTH_SET","","","","","","","","","","","","","","","","","","","1","com.palantir.atlasdb.performance.benchmarks.table.RegeneratingTable.SweepBatchNonUniformMultipleSeparateRegeneratingTable","1","0","0","false","false","false","false","false","","","0","0","0","java.lang.Object","false","f6f12bfdd973c2561c8111df7c3c9d5674f7588ae247127c55ef63edd06d344a"
"palantir/atlasdb","2dafc340268ff6cff3d5a403253a98eb36b371b6","1554069600","1.13","1.8","1.8","com.palantir.atlasdb.performance.benchmarks.SweepBenchmarks","multipleUniformSweepRun","","","","5000000000","","5000000000","BOTH_SET","BOTH_UNSET","BOTH_SET","","","","25000000000","","25000000000","BOTH_SET","BOTH_UNSET","BOTH_SET","","","","","","","","","","","","","","","","","","","1","com.palantir.atlasdb.performance.benchmarks.table.RegeneratingTable.SweepBatchUniformMultipleRegeneratingTable","1","0","0","false","false","false","false","false","","","0","0","0","java.lang.Object","false","3c1fe0aaddd8e4f90a5beffba8123a800443180435802fe275f986e31c6d0022"
"palantir/atlasdb","2dafc340268ff6cff3d5a403253a98eb36b371b6","1554069600","1.13","1.8","1.8","com.palantir.atlasdb.performance.benchmarks.SweepBenchmarks","multipleSweepRun","","","","15000000000","","15000000000","BOTH_SET","BOTH_UNSET","BOTH_SET","","","","90000000000","","90000000000","BOTH_SET","BOTH_UNSET","BOTH_SET","","","","","","","","","","","","","","","","","","","1","com.palantir.atlasdb.performance.benchmarks.table.RegeneratingTable.SweepBatchNonUniformMultipleSeparateRegeneratingTable","1","0","0","false","false","false","false","false","","","0","0","0","java.lang.Object","false","b2a3a3bc72969f52bfb7999eec5bc0ff59adad2dd2775bc4fbfb3ab6f4b2913f"
"palantir/atlasdb","2dafc340268ff6cff3d5a403253a98eb36b371b6","1554069600","1.13","1.8","1.8","com.palantir.atlasdb.performance.benchmarks.StreamStoreBenchmarks","loadSmallStream","","","","1000000000","","1000000000","BOTH_SET","BOTH_UNSET","BOTH_SET","","","","5000000000","","5000000000","BOTH_SET","BOTH_UNSET","BOTH_SET","","","","","","","","","","","","","","","","","","","1","com.palantir.atlasdb.performance.benchmarks.table.StreamingTable","1","1","1","false","false","false","false","false","","","0","0","0","","false","44ae3a4bd9733e3f6f0370f3cfe6b93061de44f646d5516dfdbdf19b2131d9a3"
"palantir/atlasdb","2dafc340268ff6cff3d5a403253a98eb36b371b6","1554069600","1.13","1.8","1.8","com.palantir.atlasdb.performance.benchmarks.StreamStoreBenchmarks","loadLargeStream","","","","1000000000","","1000000000","BOTH_SET","BOTH_UNSET","BOTH_SET","","","","30000000000","","30000000000","BOTH_SET","BOTH_UNSET","BOTH_SET","","","","","","","","","","","","","","","","","","","1","com.palantir.atlasdb.performance.benchmarks.table.StreamingTable","1","1","1","false","false","false","false","false","","","0","0","0","","false","813180b2445fad1aed20d5e26efc16a75841148fa0d7e0692ac7f0f44538e195"
"palantir/atlasdb","2dafc340268ff6cff3d5a403253a98eb36b371b6","1554069600","1.13","1.8","1.8","com.palantir.atlasdb.performance.benchmarks.StreamStoreBenchmarks","loadVeryLargeStream","","","","1000000000","","1000000000","BOTH_SET","BOTH_UNSET","BOTH_SET","","","","30000000000","","30000000000","BOTH_SET","BOTH_UNSET","BOTH_SET","","","","","","","","","","","","","","","","","","","1","com.palantir.atlasdb.performance.benchmarks.table.StreamingTable","1","1","1","false","false","false","false","false","","","0","0","0","","false","9981b9bebe06974a7018ea4552733f4321add7c036029305a4a4345c6deca4c5"
"palantir/atlasdb","2dafc340268ff6cff3d5a403253a98eb36b371b6","1554069600","1.13","1.8","1.8","com.palantir.atlasdb.performance.benchmarks.TransactionPutBenchmarks","singleRandomPut","","","","2000000000","","2000000000","BOTH_SET","BOTH_UNSET","BOTH_SET","","","","10000000000","","10000000000","BOTH_SET","BOTH_UNSET","BOTH_SET","","","","","","","","","","","","","","","","","","","1","com.palantir.atlasdb.performance.benchmarks.table.EmptyTables","1","1","1","false","false","false","false","false","","","0","0","0","java.lang.Object","false","72de9f10177c10e94fd1cf441b14fa2372644a2042c1b62b6badcd6b19ac830e"
"palantir/atlasdb","2dafc340268ff6cff3d5a403253a98eb36b371b6","1554069600","1.13","1.8","1.8","com.palantir.atlasdb.performance.benchmarks.TransactionPutBenchmarks","batchRandomPut","","","","3000000000","","3000000000","BOTH_SET","BOTH_UNSET","BOTH_SET","","","","15000000000","","15000000000","BOTH_SET","BOTH_UNSET","BOTH_SET","","","","","","","","","","","","","","","","","","","1","com.palantir.atlasdb.performance.benchmarks.table.EmptyTables","1","1","1","false","false","false","false","false","","","0","0","0","java.lang.Object","false","d60d2dce67fd6fc051e08e3b73b0a60b0ddd614f5b0c350ca1dc946f84dd5cbf"
"palantir/atlasdb","2dafc340268ff6cff3d5a403253a98eb36b371b6","1554069600","1.13","1.8","1.8","com.palantir.atlasdb.performance.benchmarks.TimestampServiceBenchmarks","fewThreadsGetFreshTimestamp","","","","1000000000","","1000000000","BOTH_SET","BOTH_UNSET","BOTH_SET","","","","10000000000","","10000000000","BOTH_SET","BOTH_UNSET","BOTH_SET","","","","","","","","","","","","","","","","","","","1","com.palantir.atlasdb.performance.benchmarks.endpoint.TimestampServiceEndpoint","1","1","1","false","false","false","false","false","","","0","0","0","long","false","c0adbb5b60567e93b8a7ca136b78c54e46d92504af489ee06085893b6756b5b1"
"palantir/atlasdb","2dafc340268ff6cff3d5a403253a98eb36b371b6","1554069600","1.13","1.8","1.8","com.palantir.atlasdb.performance.benchmarks.TimestampServiceBenchmarks","manyThreadsGetFreshTimestamp","","","","1000000000","","1000000000","BOTH_SET","BOTH_UNSET","BOTH_SET","","","","10000000000","","10000000000","BOTH_SET","BOTH_UNSET","BOTH_SET","","","","","","","","","","","","","","","","","","","1","com.palantir.atlasdb.performance.benchmarks.endpoint.TimestampServiceEndpoint","1","1","1","false","false","false","false","false","","","0","0","0","long","false","323cfc3ceaaf486828b9e70c2067b1e7996999842deaccc189506eaf833e4807"
"palantir/atlasdb","2dafc340268ff6cff3d5a403253a98eb36b371b6","1554069600","1.13","1.8","1.8","com.palantir.atlasdb.performance.benchmarks.TimestampServiceBenchmarks","manyThreadsGetFreshTimestampWithBackoff","","","","1000000000","","1000000000","BOTH_SET","BOTH_UNSET","BOTH_SET","","","","120000000000","","120000000000","BOTH_SET","BOTH_UNSET","BOTH_SET","","","","","","","","","","","","","","","","","","","1","com.palantir.atlasdb.performance.benchmarks.endpoint.TimestampServiceEndpoint","1","1","1","false","false","false","false","false","","","0","0","0","long","false","565cdae195b2638e8eb0fbe92eb00d93a2dc464f91677effd0ce3f81e04649ee"
"palantir/atlasdb","2dafc340268ff6cff3d5a403253a98eb36b371b6","1554069600","1.13","1.8","1.8","com.palantir.atlasdb.performance.benchmarks.TimestampServiceBenchmarks","fewThreadsGetBatchOfTimestamps","","","","1000000000","","1000000000","BOTH_SET","BOTH_UNSET","BOTH_SET","","","","10000000000","","10000000000","BOTH_SET","BOTH_UNSET","BOTH_SET","","","","","","","","","","","","","","","","","","","1","com.palantir.atlasdb.performance.benchmarks.endpoint.TimestampServiceEndpoint","1","1","1","false","false","false","false","false","","","0","0","0","com.palantir.timestamp.TimestampRange","false","d199a94d184f258abb9a860338bc8f73c3cd3b71d0e7d08ec9c734a5a4d62f9d"
"palantir/atlasdb","2dafc340268ff6cff3d5a403253a98eb36b371b6","1554069600","1.13","1.8","1.8","com.palantir.atlasdb.performance.benchmarks.TimestampServiceBenchmarks","manyThreadsGetBatchOfTimestamps","","","","1000000000","","1000000000","BOTH_SET","BOTH_UNSET","BOTH_SET","","","","10000000000","","10000000000","BOTH_SET","BOTH_UNSET","BOTH_SET","","","","","","","","","","","","","","","","","","","1","com.palantir.atlasdb.performance.benchmarks.endpoint.TimestampServiceEndpoint","1","1","1","false","false","false","false","false","","","0","0","0","com.palantir.timestamp.TimestampRange","false","b19ae39c92817550a81c93736fc513d63d58ec5705c849dcdbd86555d820d0b4"
"palantir/atlasdb","2dafc340268ff6cff3d5a403253a98eb36b371b6","1554069600","1.13","1.8","1.8","com.palantir.atlasdb.performance.benchmarks.TransactionGetBenchmarks","getCells","","","","1000000000","","1000000000","BOTH_SET","BOTH_UNSET","BOTH_SET","","","","5000000000","","5000000000","BOTH_SET","BOTH_UNSET","BOTH_SET","","","","","","","","","","","","","","","","","","","1","com.palantir.atlasdb.performance.benchmarks.table.ConsecutiveNarrowTable.CleanNarrowTable","1","0","0","false","false","false","false","false","","","0","0","0","java.lang.Object","false","d531e989faf3bc7c1e7c8f399c709890fe81444818ff190ea175572982240d0f"
"palantir/atlasdb","2dafc340268ff6cff3d5a403253a98eb36b371b6","1554069600","1.13","1.8","1.8","com.palantir.atlasdb.performance.benchmarks.TransactionGetBenchmarks","getCellsDirty","","","","2000000000","","2000000000","BOTH_SET","BOTH_UNSET","BOTH_SET","","","","10000000000","","10000000000","BOTH_SET","BOTH_UNSET","BOTH_SET","","","","","","","","","","","","","","","","","","","1","com.palantir.atlasdb.performance.benchmarks.table.ConsecutiveNarrowTable.DirtyNarrowTable","1","0","0","false","false","false","false","false","","","0","0","0","java.lang.Object","false","4f2a5f4043025b6c0e0ecf55ab285cf653100c1c5fd13ad5edad6b4184c7de7c"
"palantir/atlasdb","2dafc340268ff6cff3d5a403253a98eb36b371b6","1554069600","1.13","1.8","1.8","com.palantir.atlasdb.performance.benchmarks.TransactionGetBenchmarks","getSingleRowWithRangeQuery","","","","1000000000","","1000000000","BOTH_SET","BOTH_UNSET","BOTH_SET","","","","5000000000","","5000000000","BOTH_SET","BOTH_UNSET","BOTH_SET","","","","","","","","","","","","","","","","","","","1","com.palantir.atlasdb.performance.benchmarks.table.ConsecutiveNarrowTable.CleanNarrowTable","1","0","0","false","false","false","false","false","","","0","0","0","java.lang.Object","false","ff249e3813a077dcc52ea613bb1ac15b2f183d02659417fb3a21bbb7a8d39cd5"
"palantir/atlasdb","2dafc340268ff6cff3d5a403253a98eb36b371b6","1554069600","1.13","1.8","1.8","com.palantir.atlasdb.performance.benchmarks.TransactionGetBenchmarks","getSingleRowWithRangeQueryDirty","","","","1000000000","","1000000000","BOTH_SET","BOTH_UNSET","BOTH_SET","","","","5000000000","","5000000000","BOTH_SET","BOTH_UNSET","BOTH_SET","","","","","","","","","","","","","","","","","","","1","com.palantir.atlasdb.performance.benchmarks.table.ConsecutiveNarrowTable.DirtyNarrowTable","1","0","0","false","false","false","false","false","","","0","0","0","java.lang.Object","false","5e29cd62e33e93224f108ac917ac49426b2a5a6ccfd38617868b2dc5057e77ac"
"palantir/atlasdb","2dafc340268ff6cff3d5a403253a98eb36b371b6","1554069600","1.13","1.8","1.8","com.palantir.atlasdb.performance.benchmarks.TransactionGetBenchmarks","getRange","","","","2000000000","","2000000000","BOTH_SET","BOTH_UNSET","BOTH_SET","","","","10000000000","","10000000000","BOTH_SET","BOTH_UNSET","BOTH_SET","","","","","","","","","","","","","","","","","","","1","com.palantir.atlasdb.performance.benchmarks.table.ConsecutiveNarrowTable.CleanNarrowTable","1","0","0","false","false","false","false","false","","","0","0","0","java.lang.Object","false","cacf33ec055471d1554b5d381eb48fe1af29f5ec15335eb18fdd9d06953104fc"
"palantir/atlasdb","2dafc340268ff6cff3d5a403253a98eb36b371b6","1554069600","1.13","1.8","1.8","com.palantir.atlasdb.performance.benchmarks.TransactionGetBenchmarks","getRangeDirty","","","","8000000000","","8000000000","BOTH_SET","BOTH_UNSET","BOTH_SET","","","","45000000000","","45000000000","BOTH_SET","BOTH_UNSET","BOTH_SET","","","","","","","","","","","","","","","","","","","1","com.palantir.atlasdb.performance.benchmarks.table.ConsecutiveNarrowTable.DirtyNarrowTable","1","0","0","false","false","false","false","false","","","0","0","0","java.lang.Object","false","ece6ce3c5a8501588becf9fd7dc1addb053ff41eb15cfc5441029eb6fbc1ae84"
"palantir/atlasdb","2dafc340268ff6cff3d5a403253a98eb36b371b6","1554069600","1.13","1.8","1.8","com.palantir.atlasdb.performance.benchmarks.TransactionGetBenchmarks","getSingleCell","","","","1000000000","","1000000000","BOTH_SET","BOTH_UNSET","BOTH_SET","","","","5000000000","","5000000000","BOTH_SET","BOTH_UNSET","BOTH_SET","","","","","","","","","","","","","","","","","","","1","com.palantir.atlasdb.performance.benchmarks.table.ConsecutiveNarrowTable.CleanNarrowTable","1","0","0","false","false","false","false","false","","","0","0","0","java.lang.Object","false","502ce1c8d6961143903c5e827ebea6016a8e862ab708d8054eadc904351df555"
"palantir/atlasdb","2dafc340268ff6cff3d5a403253a98eb36b371b6","1554069600","1.13","1.8","1.8","com.palantir.atlasdb.performance.benchmarks.TransactionGetBenchmarks","getSingleCellDirty","","","","1000000000","","1000000000","BOTH_SET","BOTH_UNSET","BOTH_SET","","","","5000000000","","5000000000","BOTH_SET","BOTH_UNSET","BOTH_SET","","","","","","","","","","","","","","","","","","","1","com.palantir.atlasdb.performance.benchmarks.table.ConsecutiveNarrowTable.DirtyNarrowTable","1","0","0","false","false","false","false","false","","","0","0","0","java.lang.Object","false","a346596dd239b4b8d2ca0a23f0c996c222e06c3602abf3dd146c2350b83d0465"
"palantir/atlasdb","2dafc340268ff6cff3d5a403253a98eb36b371b6","1554069600","1.13","1.8","1.8","com.palantir.atlasdb.performance.benchmarks.TransactionGetBenchmarks","getRanges","","","","8000000000","","8000000000","BOTH_SET","BOTH_UNSET","BOTH_SET","","","","40000000000","","40000000000","BOTH_SET","BOTH_UNSET","BOTH_SET","","","","","","","","","","","","","","","","","","","1","com.palantir.atlasdb.performance.benchmarks.table.ConsecutiveNarrowTable.CleanNarrowTable","1","0","0","false","false","false","false","false","","","0","0","0","java.lang.Object","false","b065236bb2df0ee1dd57e515bddce82e93cf619a574d66aa9d10b6001add0d77"
"palantir/atlasdb","2dafc340268ff6cff3d5a403253a98eb36b371b6","1554069600","1.13","1.8","1.8","com.palantir.atlasdb.performance.benchmarks.TransactionGetBenchmarks","getRangesDirty","","","","15000000000","","15000000000","BOTH_SET","BOTH_UNSET","BOTH_SET","","","","70000000000","","70000000000","BOTH_SET","BOTH_UNSET","BOTH_SET","","","","","","","","","","","","","","","","","","","1","com.palantir.atlasdb.performance.benchmarks.table.ConsecutiveNarrowTable.DirtyNarrowTable","1","0","0","false","false","false","false","false","","","0","0","0","java.lang.Object","false","ab2db8b8ebd792c6a6ea2a82331d26f81cea63cd545b6b78eb42f48e4dcdd5b6"
"palantir/atlasdb","2dafc340268ff6cff3d5a403253a98eb36b371b6","1554069600","1.13","1.8","1.8","com.palantir.atlasdb.performance.benchmarks.TransactionDeleteBenchmarks","singleDelete","","","","2000000000","","2000000000","BOTH_SET","BOTH_UNSET","BOTH_SET","","","","10000000000","","10000000000","BOTH_SET","BOTH_UNSET","BOTH_SET","","","","","","","","","","","","","","","","","","","1","com.palantir.atlasdb.performance.benchmarks.table.RegeneratingTable.TransactionRowRegeneratingTable","1","0","0","false","false","false","false","false","","","0","0","0","java.lang.Object","false","d993a35f6968d52503ac308ce21dc62d279daaf2dc30d98e721d87d97603c1e0"
"palantir/atlasdb","2dafc340268ff6cff3d5a403253a98eb36b371b6","1554069600","1.13","1.8","1.8","com.palantir.atlasdb.performance.benchmarks.TransactionDeleteBenchmarks","batchDelete","","","","4000000000","","4000000000","BOTH_SET","BOTH_UNSET","BOTH_SET","","","","20000000000","","20000000000","BOTH_SET","BOTH_UNSET","BOTH_SET","","","","","","","","","","","","","","","","","","","1","com.palantir.atlasdb.performance.benchmarks.table.RegeneratingTable.TransactionBatchRegeneratingTable","1","0","0","false","false","false","false","false","","","0","0","0","java.lang.Object","false","da45224c30782226696aaed21c7a7d5c39c0db4d23d07e02255bd6fbee12ea91"
"palantir/atlasdb","2dafc340268ff6cff3d5a403253a98eb36b371b6","1554069600","1.13","1.8","1.8","com.palantir.atlasdb.performance.benchmarks.KvsGetRangeBenchmarks","getSingleRange","","","","1000000000","","1000000000","BOTH_SET","BOTH_UNSET","BOTH_SET","","","","5000000000","","5000000000","BOTH_SET","BOTH_UNSET","BOTH_SET","","","","","","","","","","","","","","","","","","","1","com.palantir.atlasdb.performance.benchmarks.table.ConsecutiveNarrowTable.CleanNarrowTable","1","0","0","false","false","false","false","false","","","0","0","0","java.lang.Object","false","cb76a785eb5de09f55374737f4ce23258de0dd0e6bc85136bbbcf9db45074512"
"palantir/atlasdb","2dafc340268ff6cff3d5a403253a98eb36b371b6","1554069600","1.13","1.8","1.8","com.palantir.atlasdb.performance.benchmarks.KvsGetRangeBenchmarks","getSingleRangeDirty","","","","1000000000","","1000000000","BOTH_SET","BOTH_UNSET","BOTH_SET","","","","5000000000","","5000000000","BOTH_SET","BOTH_UNSET","BOTH_SET","","","","","","","","","","","","","","","","","","","1","com.palantir.atlasdb.performance.benchmarks.table.ConsecutiveNarrowTable.DirtyNarrowTable","1","0","0","false","false","false","false","false","","","0","0","0","java.lang.Object","false","f486c0ee7f4f2be0f4f76dc9d1df0d7dab2acc85fc79ad9acb4575c9e7c7cf60"
"palantir/atlasdb","2dafc340268ff6cff3d5a403253a98eb36b371b6","1554069600","1.13","1.8","1.8","com.palantir.atlasdb.performance.benchmarks.KvsGetRangeBenchmarks","getSingleLargeRange","","","","2000000000","","2000000000","BOTH_SET","BOTH_UNSET","BOTH_SET","","","","10000000000","","10000000000","BOTH_SET","BOTH_UNSET","BOTH_SET","","","","","","","","","","","","","","","","","","","1","com.palantir.atlasdb.performance.benchmarks.table.ConsecutiveNarrowTable.CleanNarrowTable","1","0","0","false","false","false","false","false","","","0","0","0","java.lang.Object","false","69bbe79a42b42f38de99e5265748c4a4671cd8e4abe85e9f16b14457f57cba05"
"palantir/atlasdb","2dafc340268ff6cff3d5a403253a98eb36b371b6","1554069600","1.13","1.8","1.8","com.palantir.atlasdb.performance.benchmarks.KvsGetRangeBenchmarks","getSingleLargeRangeDirty","","","","20000000000","","20000000000","BOTH_SET","BOTH_UNSET","BOTH_SET","","","","120000000000","","120000000000","BOTH_SET","BOTH_UNSET","BOTH_SET","","","","","","","","","","","","","","","","","","","1","com.palantir.atlasdb.performance.benchmarks.table.ConsecutiveNarrowTable.DirtyNarrowTable","1","0","0","false","false","false","false","false","","","0","0","0","java.lang.Object","false","8a1de8e22d939dc999c8aa2fe3fafc04d3af88ff6a4ffd4f70df9d2d657a8602"
"palantir/atlasdb","2dafc340268ff6cff3d5a403253a98eb36b371b6","1554069600","1.13","1.8","1.8","com.palantir.atlasdb.performance.benchmarks.KvsGetRangeBenchmarks","getMultiRange","","","","5000000000","","5000000000","BOTH_SET","BOTH_UNSET","BOTH_SET","","","","30000000000","","30000000000","BOTH_SET","BOTH_UNSET","BOTH_SET","","","","","","","","","","","","","","","","","","","1","com.palantir.atlasdb.performance.benchmarks.table.ConsecutiveNarrowTable.CleanNarrowTable","1","0","0","false","false","false","false","false","","","0","0","0","java.lang.Object","false","d83e078bd90907dcf03d9c0f9991d8d54f1d3efdf04e6c58a696ee550be7521e"
"palantir/atlasdb","2dafc340268ff6cff3d5a403253a98eb36b371b6","1554069600","1.13","1.8","1.8","com.palantir.atlasdb.performance.benchmarks.KvsGetRangeBenchmarks","getMultiRangeDirty","","","","10000000000","","10000000000","BOTH_SET","BOTH_UNSET","BOTH_SET","","","","60000000000","","60000000000","BOTH_SET","BOTH_UNSET","BOTH_SET","","","","","","","","","","","","","","","","","","","1","com.palantir.atlasdb.performance.benchmarks.table.ConsecutiveNarrowTable.DirtyNarrowTable","1","0","0","false","false","false","false","false","","","0","0","0","java.lang.Object","false","1c459b38869081619ee77c389bf06bdcc74ab327309de4bfc2b801cc81e2e530"
"palantir/atlasdb","2dafc340268ff6cff3d5a403253a98eb36b371b6","1554069600","1.13","1.8","1.8","com.palantir.atlasdb.performance.benchmarks.KvsGetDynamicBenchmarks","getAllColumnsExplicitly","","","","20000000000","","20000000000","BOTH_SET","BOTH_UNSET","BOTH_SET","","","","180000000000","","180000000000","BOTH_SET","BOTH_UNSET","BOTH_SET","","","","","","","","","","","","","","","","","","","1","com.palantir.atlasdb.performance.benchmarks.table.ModeratelyWideRowTable","1","1","1","false","false","false","false","false","","","0","0","0","java.lang.Object","false","398995d3f8ed9667b006bc38655015e4c3799a501ee27a0042c0dc61be8ae011"
"palantir/atlasdb","2dafc340268ff6cff3d5a403253a98eb36b371b6","1554069600","1.13","1.8","1.8","com.palantir.atlasdb.performance.benchmarks.KvsGetDynamicBenchmarks","getAllColumnsImplicitly","","","","6000000000","","6000000000","BOTH_SET","BOTH_UNSET","BOTH_SET","","","","60000000000","","60000000000","BOTH_SET","BOTH_UNSET","BOTH_SET","","","","","","","","","","","","","","","","","","","1","com.palantir.atlasdb.performance.benchmarks.table.ModeratelyWideRowTable","1","1","1","false","false","false","false","false","","","0","0","0","java.lang.Object","false","ba1e68db9d01b6039612f5cb0be6bdac8539c78627cc89a99648c68065eb2802"
"palantir/atlasdb","2dafc340268ff6cff3d5a403253a98eb36b371b6","1554069600","1.13","1.8","1.8","com.palantir.atlasdb.performance.benchmarks.KvsGetDynamicBenchmarks","getFirstColumnExplicitly","","","","1000000000","","1000000000","BOTH_SET","BOTH_UNSET","BOTH_SET","","","","5000000000","","5000000000","BOTH_SET","BOTH_UNSET","BOTH_SET","","","","","","","","","","","","","","","","","","","1","com.palantir.atlasdb.performance.benchmarks.table.ModeratelyWideRowTable","1","1","1","false","false","false","false","false","","","0","0","0","java.lang.Object","false","ece574068061777e761a0cd962444bbdf66d0a516aac2ea772423949496eb65f"
"palantir/atlasdb","2dafc340268ff6cff3d5a403253a98eb36b371b6","1554069600","1.13","1.8","1.8","com.palantir.atlasdb.performance.benchmarks.KvsGetDynamicBenchmarks","getFirstColumnExplicitlyGetRows","","","","1000000000","","1000000000","BOTH_SET","BOTH_UNSET","BOTH_SET","","","","5000000000","","5000000000","BOTH_SET","BOTH_UNSET","BOTH_SET","","","","","","","","","","","","","","","","","","","1","com.palantir.atlasdb.performance.benchmarks.table.ModeratelyWideRowTable","1","1","1","false","false","false","false","false","","","0","0","0","java.lang.Object","false","a7f4dbbf9296d6e42217a5162ced0c88cd659997615732b2336189144b4180ca"
